KT: 8x8, strategy = 4, start = 2,3

1: 1,2 0,0 2,1 4,0 6,1 7,3 6,5 7,7 5,6 7,5 6,7 4,6 2,7 0,6 1,4 0,2 1,0 3,1 5,0 7,1 6,3 5,1 7,0 6,2 7,4 6,6 4,7 2,6 0,7 1,5 0,3 1,1 3,0 2,2 0,1 2,0 4,1 6,0 7,2 6,4 7,6 5,7 3,6 1,7 0,5 1,3 3,2 2,4 1,6 0,4 2,3 4,2 5,4 3,5 4,3 5,5 3,4 5,3 4,5 3,7 2,5 4,4 5,2 3,3 
2: 1,2 0,0 2,1 4,0 6,1 7,3 6,5 7,7 5,6 7,5 6,7 4,6 2,7 0,6 1,4 0,2 1,0 3,1 5,0 7,1 6,3 5,1 7,0 6,2 7,4 6,6 4,7 2,6 0,7 1,5 0,3 1,1 3,0 2,2 0,1 2,0 4,1 6,0 7,2 6,4 7,6 5,7 3,6 1,7 0,5 1,3 3,2 2,4 1,6 0,4 2,5 3,7 4,5 5,3 3,4 5,5 4,3 3,5 5,4 4,2 2,3 4,4 5,2 3,3 
3: 1,2 0,0 2,1 4,0 6,1 7,3 6,5 7,7 5,6 7,5 6,7 4,6 2,7 0,6 1,4 0,2 1,0 3,1 5,0 7,1 6,3 5,1 7,0 6,2 7,4 6,6 4,7 2,6 0,7 1,5 0,3 1,1 3,0 2,2 0,1 2,0 4,1 6,0 7,2 6,4 7,6 5,7 3,6 1,7 0,5 1,3 3,2 2,4 1,6 3,7 4,5 5,3 3,4 5,5 4,3 3,5 5,4 4,2 2,3 0,4 2,5 4,4 5,2 3,3 
4: 1,2 0,0 2,1 4,0 6,1 7,3 6,5 7,7 5,6 7,5 6,7 4,6 2,7 0,6 1,4 0,2 1,0 3,1 5,0 7,1 6,3 5,1 7,0 6,2 7,4 6,6 4,7 2,6 0,7 1,5 0,3 1,1 3,0 2,2 0,1 2,0 4,1 6,0 7,2 6,4 7,6 5,7 3,6 1,7 0,5 1,3 3,2 2,4 1,6 3,7 4,5 5,3 3,4 5,5 4,3 3,5 2,3 4,2 5,4 3,3 5,2 4,4 2,5 0,4 
5: 1,2 0,0 2,1 4,0 6,1 7,3 6,5 7,7 5,6 7,5 6,7 4,6 2,7 0,6 1,4 0,2 1,0 3,1 5,0 7,1 6,3 5,1 7,0 6,2 7,4 6,6 4,7 2,6 0,7 1,5 0,3 1,1 3,0 2,2 0,1 2,0 4,1 6,0 7,2 6,4 7,6 5,7 3,6 1,7 0,5 1,3 3,2 2,4 4,3 5,5 3,4 5,3 4,5 3,7 1,6 3,5 5,4 4,2 2,3 0,4 2,5 4,4 5,2 3,3 
6: 1,2 0,0 2,1 4,0 6,1 7,3 6,5 7,7 5,6 7,5 6,7 4,6 2,7 0,6 1,4 0,2 1,0 3,1 5,0 7,1 6,3 5,1 7,0 6,2 7,4 6,6 4,7 2,6 0,7 1,5 0,3 1,1 3,0 2,2 0,1 2,0 4,1 6,0 7,2 6,4 7,6 5,7 3,6 1,7 0,5 1,3 3,2 2,4 4,3 5,5 3,4 5,3 4,5 3,7 1,6 3,5 2,3 4,2 5,4 3,3 5,2 4,4 2,5 0,4 
7: 1,2 0,0 2,1 4,0 6,1 7,3 6,5 7,7 5,6 7,5 6,7 4,6 2,7 0,6 1,4 0,2 1,0 3,1 5,0 7,1 6,3 5,1 7,0 6,2 7,4 6,6 4,7 2,6 0,7 1,5 0,3 1,1 3,0 2,2 0,1 2,0 4,1 6,0 7,2 6,4 7,6 5,7 3,6 1,7 0,5 1,3 3,2 2,4 4,3 5,5 3,4 5,3 4,5 3,7 2,5 0,4 1,6 3,5 5,4 4,2 2,3 4,4 5,2 3,3 
8: 1,2 0,0 2,1 4,0 6,1 7,3 6,5 7,7 5,6 7,5 6,7 4,6 2,7 0,6 1,4 0,2 1,0 3,1 5,0 7,1 6,3 5,1 7,0 6,2 7,4 6,6 4,7 2,6 0,7 1,5 0,3 1,1 3,0 2,2 0,1 2,0 4,1 6,0 7,2 6,4 7,6 5,7 3,6 1,7 0,5 1,3 3,2 2,4 4,3 5,5 3,4 5,3 4,5 3,7 2,5 4,4 5,2 3,3 5,4 4,2 2,3 3,5 1,6 0,4 
9: 1,2 0,0 2,1 4,0 6,1 7,3 6,5 7,7 5,6 7,5 6,7 4,6 2,7 0,6 1,4 0,2 1,0 3,1 5,0 7,1 6,3 5,1 7,0 6,2 7,4 6,6 4,7 2,6 0,7 1,5 0,3 1,1 3,0 2,2 0,1 2,0 4,1 6,0 7,2 6,4 7,6 5,7 3,6 1,7 0,5 1,3 3,2 2,4 4,3 5,5 3,4 5,3 4,5 3,7 2,5 3,3 5,2 4,4 2,3 4,2 5,4 3,5 1,6 0,4 
10: 1,2 0,0 2,1 4,0 6,1 7,3 6,5 7,7 5,6 7,5 6,7 4,6 2,7 0,6 1,4 0,2 1,0 3,1 5,0 7,1 6,3 5,1 7,0 6,2 7,4 6,6 4,7 2,6 0,7 1,5 0,3 1,1 3,0 2,2 0,1 2,0 4,1 6,0 7,2 6,4 7,6 5,7 3,6 1,7 0,5 1,3 3,2 2,4 4,3 5,5 3,4 5,3 4,5 3,3 5,2 4,4 2,3 4,2 5,4 3,5 1,6 3,7 2,5 0,4 
11: 1,2 0,0 2,1 4,0 6,1 7,3 6,5 7,7 5,6 7,5 6,7 4,6 2,7 0,6 1,4 0,2 1,0 3,1 5,0 7,1 6,3 5,1 7,0 6,2 7,4 6,6 4,7 2,6 0,7 1,5 0,3 1,1 3,0 2,2 0,1 2,0 4,1 6,0 7,2 6,4 7,6 5,7 3,6 1,7 0,5 1,3 3,2 2,4 4,5 5,3 3,4 5,5 4,3 3,5 5,4 4,2 2,3 0,4 1,6 3,7 2,5 4,4 5,2 3,3 
12: 1,2 0,0 2,1 4,0 6,1 7,3 6,5 7,7 5,6 7,5 6,7 4,6 2,7 0,6 1,4 0,2 1,0 3,1 5,0 7,1 6,3 5,1 7,0 6,2 7,4 6,6 4,7 2,6 0,7 1,5 0,3 1,1 3,0 2,2 0,1 2,0 4,1 6,0 7,2 6,4 7,6 5,7 3,6 1,7 0,5 1,3 3,2 2,4 4,5 5,3 3,4 5,5 4,3 3,5 5,4 4,2 2,3 4,4 5,2 3,3 2,5 3,7 1,6 0,4 
13: 1,2 0,0 2,1 4,0 6,1 7,3 6,5 7,7 5,6 7,5 6,7 4,6 2,7 0,6 1,4 0,2 1,0 3,1 5,0 7,1 6,3 5,1 7,0 6,2 7,4 6,6 4,7 2,6 0,7 1,5 0,3 1,1 3,0 2,2 0,1 2,0 4,1 6,0 7,2 6,4 7,6 5,7 3,6 1,7 0,5 1,3 3,2 2,4 4,5 5,3 3,4 5,5 4,3 3,5 2,3 4,2 5,4 3,3 5,2 4,4 2,5 3,7 1,6 0,4 
14: 1,2 0,0 2,1 4,0 6,1 7,3 6,5 7,7 5,6 7,5 6,7 4,6 2,7 0,6 1,4 0,2 1,0 3,1 5,0 7,1 6,3 5,1 7,0 6,2 7,4 6,6 4,7 2,6 0,7 1,5 0,3 1,1 3,0 2,2 0,1 2,0 4,1 6,0 7,2 6,4 7,6 5,7 3,6 1,7 0,5 1,3 3,2 4,4 5,2 3,3 2,5 0,4 2,3 4,2 5,4 3,5 1,6 3,7 4,5 5,3 3,4 5,5 4,3 2,4 
15: 1,2 0,0 2,1 4,0 6,1 7,3 6,5 7,7 5,6 7,5 6,7 4,6 2,7 0,6 1,4 0,2 1,0 3,1 5,0 7,1 6,3 5,1 7,0 6,2 7,4 6,6 4,7 2,6 0,7 1,5 0,3 1,1 3,0 2,2 0,1 2,0 4,1 6,0 7,2 6,4 7,6 5,7 3,6 1,7 0,5 1,3 3,2 4,4 5,2 3,3 2,5 0,4 2,3 4,2 5,4 3,5 4,3 5,5 3,4 5,3 4,5 3,7 1,6 2,4 
16: 1,2 0,0 2,1 4,0 6,1 7,3 6,5 7,7 5,6 7,5 6,7 4,6 2,7 0,6 1,4 0,2 1,0 3,1 5,0 7,1 6,3 5,1 7,0 6,2 7,4 6,6 4,7 2,6 0,7 1,5 0,3 1,1 3,0 2,2 0,1 2,0 4,1 6,0 7,2 6,4 7,6 5,7 3,6 1,7 0,5 1,3 3,2 4,4 5,2 3,3 2,5 3,7 1,6 0,4 2,3 4,2 5,4 3,5 4,3 5,5 3,4 5,3 4,5 2,4 
17: 1,2 0,0 2,1 4,0 6,1 7,3 6,5 7,7 5,6 7,5 6,7 4,6 2,7 0,6 1,4 0,2 1,0 3,1 5,0 7,1 6,3 5,1 7,0 6,2 7,4 6,6 4,7 2,6 0,7 1,5 0,3 1,1 3,0 2,2 0,1 2,0 4,1 6,0 7,2 6,4 7,6 5,7 3,6 1,7 0,5 1,3 3,2 4,4 5,2 3,3 5,4 4,2 2,3 0,4 2,5 3,7 1,6 3,5 4,3 5,5 3,4 5,3 4,5 2,4 
18: 1,2 0,0 2,1 4,0 6,1 7,3 6,5 7,7 5,6 7,5 6,7 4,6 2,7 0,6 1,4 0,2 1,0 3,1 5,0 7,1 6,3 5,1 7,0 6,2 7,4 6,6 4,7 2,6 0,7 1,5 0,3 1,1 3,0 2,2 0,1 2,0 4,1 6,0 7,2 6,4 7,6 5,7 3,6 1,7 0,5 1,3 3,2 4,4 5,2 3,3 5,4 4,2 2,3 0,4 2,5 3,7 4,5 5,3 3,4 5,5 4,3 3,5 1,6 2,4 
19: 1,2 0,0 2,1 4,0 6,1 7,3 6,5 7,7 5,6 7,5 6,7 4,6 2,7 0,6 1,4 0,2 1,0 3,1 5,0 7,1 6,3 5,1 7,0 6,2 7,4 6,6 4,7 2,6 0,7 1,5 0,3 1,1 3,0 2,2 0,1 2,0 4,1 6,0 7,2 6,4 7,6 5,7 3,6 1,7 0,5 1,3 3,2 4,4 5,2 3,3 5,4 4,2 2,3 3,5 1,6 0,4 2,5 3,7 4,5 5,3 3,4 5,5 4,3 2,4 
20: 1,2 0,0 2,1 4,0 6,1 7,3 6,5 7,7 5,6 7,5 6,7 4,6 2,7 0,6 1,4 0,2 1,0 3,1 5,0 7,1 6,3 5,1 7,0 6,2 7,4 6,6 4,7 2,6 0,7 1,5 0,3 1,1 3,0 2,2 0,1 2,0 4,1 6,0 7,2 6,4 7,6 5,7 3,6 1,7 0,5 1,3 3,2 4,4 5,2 3,3 5,4 4,2 2,3 3,5 4,3 5,5 3,4 5,3 4,5 2,4 1,6 3,7 2,5 0,4 
21: 1,2 0,0 2,1 4,0 6,1 7,3 6,5 7,7 5,6 7,5 6,7 4,6 2,7 0,6 1,4 0,2 1,0 3,1 5,0 7,1 6,3 5,1 7,0 6,2 7,4 6,6 4,7 2,6 0,7 1,5 0,3 1,1 3,0 2,2 0,1 2,0 4,1 6,0 7,2 6,4 7,6 5,7 3,6 1,7 0,5 1,3 3,2 5,3 3,4 5,5 4,3 2,4 4,5 3,7 1,6 3,5 5,4 4,2 2,3 0,4 2,5 4,4 5,2 3,3 
22: 1,2 0,0 2,1 4,0 6,1 7,3 6,5 7,7 5,6 7,5 6,7 4,6 2,7 0,6 1,4 0,2 1,0 3,1 5,0 7,1 6,3 5,1 7,0 6,2 7,4 6,6 4,7 2,6 0,7 1,5 0,3 1,1 3,0 2,2 0,1 2,0 4,1 6,0 7,2 6,4 7,6 5,7 3,6 1,7 0,5 1,3 3,2 5,3 3,4 5,5 4,3 2,4 4,5 3,7 1,6 3,5 2,3 4,2 5,4 3,3 5,2 4,4 2,5 0,4 
23: 1,2 0,0 2,1 4,0 6,1 7,3 6,5 7,7 5,6 7,5 6,7 4,6 2,7 0,6 1,4 0,2 1,0 3,1 5,0 7,1 6,3 5,1 7,0 6,2 7,4 6,6 4,7 2,6 0,7 1,5 0,3 1,1 3,0 2,2 0,1 2,0 4,1 6,0 7,2 6,4 7,6 5,7 3,6 1,7 0,5 1,3 3,2 5,3 3,4 5,5 4,3 2,4 4,5 3,7 2,5 0,4 1,6 3,5 5,4 4,2 2,3 4,4 5,2 3,3 
24: 1,2 0,0 2,1 4,0 6,1 7,3 6,5 7,7 5,6 7,5 6,7 4,6 2,7 0,6 1,4 0,2 1,0 3,1 5,0 7,1 6,3 5,1 7,0 6,2 7,4 6,6 4,7 2,6 0,7 1,5 0,3 1,1 3,0 2,2 0,1 2,0 4,1 6,0 7,2 6,4 7,6 5,7 3,6 1,7 0,5 1,3 3,2 5,3 3,4 5,5 4,3 2,4 4,5 3,7 2,5 4,4 5,2 3,3 5,4 4,2 2,3 3,5 1,6 0,4 
