KT: 8x8, strategy = 6, start = 2,3

1: 2,3 1,1 3,2 5,1 7,2 8,4 7,6 8,8 6,7 8,6 7,8 5,7 3,8 1,7 2,5 1,3 2,1 4,2 6,1 8,2 7,4 5,3 4,1 2,2 1,4 2,6 1,8 3,7 5,8 7,7 8,5 6,6 8,7 6,8 4,7 2,8 1,6 2,4 4,5 3,3 1,2 3,1 4,3 5,5 3,4 4,6 6,5 7,3 8,1 6,2 5,4 7,5 8,3 6,4 5,2 7,1 6,3 4,4 5,6 4,8 3,6 1,5 2,7 3,5 
2: 2,3 1,1 3,2 5,1 7,2 8,4 7,6 8,8 6,7 8,6 7,8 5,7 3,8 1,7 2,5 1,3 2,1 4,2 6,1 8,2 7,4 5,3 4,1 2,2 1,4 2,6 1,8 3,7 5,8 7,7 8,5 6,6 8,7 6,8 4,7 2,8 1,6 2,4 4,5 3,3 1,2 3,1 4,3 5,5 3,4 4,6 6,5 7,3 8,1 6,2 5,4 7,5 8,3 6,4 5,2 7,1 6,3 4,4 5,6 3,5 2,7 4,8 3,6 1,5 
3: 2,3 1,1 3,2 5,1 7,2 8,4 7,6 8,8 6,7 8,6 7,8 5,7 3,8 1,7 2,5 1,3 2,1 4,2 6,1 8,2 7,4 5,3 4,1 2,2 1,4 2,6 1,8 3,7 5,8 7,7 8,5 6,6 8,7 6,8 4,7 2,8 1,6 2,4 4,5 3,3 1,2 3,1 4,3 5,5 3,4 4,6 6,5 7,3 8,1 6,2 5,4 7,5 8,3 6,4 5,2 7,1 6,3 4,4 3,6 4,8 5,6 3,5 2,7 1,5 
4: 2,3 1,1 3,2 5,1 7,2 8,4 7,6 8,8 6,7 8,6 7,8 5,7 3,8 1,7 2,5 1,3 2,1 4,2 6,1 8,2 7,4 5,3 4,1 2,2 1,4 2,6 1,8 3,7 5,8 7,7 8,5 6,6 8,7 6,8 4,7 2,8 1,6 2,4 4,5 3,3 1,2 3,1 4,3 5,5 3,4 4,6 6,5 7,3 8,1 6,2 5,4 7,5 8,3 6,4 5,2 7,1 6,3 4,4 3,6 1,5 2,7 4,8 5,6 3,5 
5: 2,3 1,1 3,2 5,1 7,2 8,4 7,6 8,8 6,7 8,6 7,8 5,7 3,8 1,7 2,5 1,3 2,1 4,2 6,1 8,2 7,4 5,3 4,1 2,2 1,4 2,6 1,8 3,7 5,8 7,7 8,5 6,6 8,7 6,8 4,7 2,8 1,6 2,4 4,5 3,3 1,2 3,1 4,3 5,5 3,4 4,6 6,5 7,3 8,1 6,2 5,4 7,5 8,3 7,1 6,3 4,4 5,2 6,4 5,6 4,8 3,6 1,5 2,7 3,5 
6: 2,3 1,1 3,2 5,1 7,2 8,4 7,6 8,8 6,7 8,6 7,8 5,7 3,8 1,7 2,5 1,3 2,1 4,2 6,1 8,2 7,4 5,3 4,1 2,2 1,4 2,6 1,8 3,7 5,8 7,7 8,5 6,6 8,7 6,8 4,7 2,8 1,6 2,4 4,5 3,3 1,2 3,1 4,3 5,5 3,4 4,6 6,5 7,3 8,1 6,2 5,4 7,5 8,3 7,1 6,3 4,4 5,2 6,4 5,6 3,5 2,7 4,8 3,6 1,5 
7: 2,3 1,1 3,2 5,1 7,2 8,4 7,6 8,8 6,7 8,6 7,8 5,7 3,8 1,7 2,5 1,3 2,1 4,2 6,1 8,2 7,4 5,3 4,1 2,2 1,4 2,6 1,8 3,7 5,8 7,7 8,5 6,6 8,7 6,8 4,7 2,8 1,6 2,4 4,5 3,3 1,2 3,1 4,3 5,5 3,4 4,6 6,5 7,3 8,1 6,2 5,4 7,5 6,3 7,1 8,3 6,4 5,2 4,4 5,6 4,8 3,6 1,5 2,7 3,5 
8: 2,3 1,1 3,2 5,1 7,2 8,4 7,6 8,8 6,7 8,6 7,8 5,7 3,8 1,7 2,5 1,3 2,1 4,2 6,1 8,2 7,4 5,3 4,1 2,2 1,4 2,6 1,8 3,7 5,8 7,7 8,5 6,6 8,7 6,8 4,7 2,8 1,6 2,4 4,5 3,3 1,2 3,1 4,3 5,5 3,4 4,6 6,5 7,3 8,1 6,2 5,4 7,5 6,3 7,1 8,3 6,4 5,2 4,4 5,6 3,5 2,7 4,8 3,6 1,5 
9: 2,3 1,1 3,2 5,1 7,2 8,4 7,6 8,8 6,7 8,6 7,8 5,7 3,8 1,7 2,5 1,3 2,1 4,2 6,1 8,2 7,4 5,3 4,1 2,2 1,4 2,6 1,8 3,7 5,8 7,7 8,5 6,6 8,7 6,8 4,7 2,8 1,6 2,4 4,5 3,3 1,2 3,1 4,3 5,5 3,4 4,6 6,5 7,3 8,1 6,2 5,4 7,5 6,3 7,1 8,3 6,4 5,2 4,4 3,6 4,8 5,6 3,5 2,7 1,5 
10: 2,3 1,1 3,2 5,1 7,2 8,4 7,6 8,8 6,7 8,6 7,8 5,7 3,8 1,7 2,5 1,3 2,1 4,2 6,1 8,2 7,4 5,3 4,1 2,2 1,4 2,6 1,8 3,7 5,8 7,7 8,5 6,6 8,7 6,8 4,7 2,8 1,6 2,4 4,5 3,3 1,2 3,1 4,3 5,5 3,4 4,6 6,5 7,3 8,1 6,2 5,4 7,5 6,3 7,1 8,3 6,4 5,2 4,4 3,6 1,5 2,7 4,8 5,6 3,5 
11: 2,3 1,1 3,2 5,1 7,2 8,4 7,6 8,8 6,7 8,6 7,8 5,7 3,8 1,7 2,5 1,3 2,1 4,2 6,1 8,2 7,4 5,3 4,1 2,2 1,4 2,6 1,8 3,7 5,8 7,7 8,5 6,6 8,7 6,8 4,7 2,8 1,6 2,4 4,5 3,3 1,2 3,1 4,3 5,5 3,4 4,6 6,5 7,3 8,1 6,2 5,4 7,5 6,3 4,4 5,2 7,1 8,3 6,4 5,6 4,8 3,6 1,5 2,7 3,5 
12: 2,3 1,1 3,2 5,1 7,2 8,4 7,6 8,8 6,7 8,6 7,8 5,7 3,8 1,7 2,5 1,3 2,1 4,2 6,1 8,2 7,4 5,3 4,1 2,2 1,4 2,6 1,8 3,7 5,8 7,7 8,5 6,6 8,7 6,8 4,7 2,8 1,6 2,4 4,5 3,3 1,2 3,1 4,3 5,5 3,4 4,6 6,5 7,3 8,1 6,2 5,4 7,5 6,3 4,4 5,2 7,1 8,3 6,4 5,6 3,5 2,7 4,8 3,6 1,5 
13: 2,3 1,1 3,2 5,1 7,2 8,4 7,6 8,8 6,7 8,6 7,8 5,7 3,8 1,7 2,5 1,3 2,1 4,2 6,1 8,2 7,4 5,3 4,1 2,2 1,4 2,6 1,8 3,7 5,8 7,7 8,5 6,6 8,7 6,8 4,7 2,8 1,6 2,4 4,5 3,3 1,2 3,1 4,3 5,5 3,4 4,6 6,5 7,3 8,1 6,2 5,4 3,5 2,7 4,8 5,6 7,5 8,3 6,4 5,2 7,1 6,3 4,4 3,6 1,5 
14: 2,3 1,1 3,2 5,1 7,2 8,4 7,6 8,8 6,7 8,6 7,8 5,7 3,8 1,7 2,5 1,3 2,1 4,2 6,1 8,2 7,4 5,3 4,1 2,2 1,4 2,6 1,8 3,7 5,8 7,7 8,5 6,6 8,7 6,8 4,7 2,8 1,6 2,4 4,5 3,3 1,2 3,1 4,3 5,5 3,4 4,6 6,5 7,3 8,1 6,2 5,4 3,5 2,7 4,8 5,6 7,5 6,3 7,1 8,3 6,4 5,2 4,4 3,6 1,5 
15: 2,3 1,1 3,2 5,1 7,2 8,4 7,6 8,8 6,7 8,6 7,8 5,7 3,8 1,7 2,5 1,3 2,1 4,2 6,1 8,2 7,4 5,3 4,1 2,2 1,4 2,6 1,8 3,7 5,8 7,7 8,5 6,6 8,7 6,8 4,7 2,8 1,6 2,4 4,5 3,3 1,2 3,1 4,3 5,5 3,4 4,6 6,5 7,3 8,1 6,2 5,4 3,5 2,7 4,8 5,6 6,4 8,3 7,5 6,3 7,1 5,2 4,4 3,6 1,5 
16: 2,3 1,1 3,2 5,1 7,2 8,4 7,6 8,8 6,7 8,6 7,8 5,7 3,8 1,7 2,5 1,3 2,1 4,2 6,1 8,2 7,4 5,3 4,1 2,2 1,4 2,6 1,8 3,7 5,8 7,7 8,5 6,6 8,7 6,8 4,7 2,8 1,6 2,4 4,5 3,3 1,2 3,1 4,3 5,5 3,4 4,6 6,5 7,3 8,1 6,2 5,4 3,5 2,7 4,8 5,6 6,4 5,2 7,1 8,3 7,5 6,3 4,4 3,6 1,5 
17: 2,3 1,1 3,2 5,1 7,2 8,4 7,6 8,8 6,7 8,6 7,8 5,7 3,8 1,7 2,5 1,3 2,1 4,2 6,1 8,2 7,4 5,3 4,1 2,2 1,4 2,6 1,8 3,7 5,8 7,7 8,5 6,6 8,7 6,8 4,7 2,8 1,6 2,4 4,5 3,3 1,2 3,1 4,3 5,5 3,4 4,6 6,5 7,3 8,1 6,2 5,4 3,5 2,7 1,5 3,6 4,8 5,6 7,5 8,3 6,4 5,2 7,1 6,3 4,4 
18: 2,3 1,1 3,2 5,1 7,2 8,4 7,6 8,8 6,7 8,6 7,8 5,7 3,8 1,7 2,5 1,3 2,1 4,2 6,1 8,2 7,4 5,3 4,1 2,2 1,4 2,6 1,8 3,7 5,8 7,7 8,5 6,6 8,7 6,8 4,7 2,8 1,6 2,4 4,5 3,3 1,2 3,1 4,3 5,5 3,4 4,6 6,5 7,3 8,1 6,2 5,4 3,5 2,7 1,5 3,6 4,8 5,6 7,5 6,3 7,1 8,3 6,4 5,2 4,4 
19: 2,3 1,1 3,2 5,1 7,2 8,4 7,6 8,8 6,7 8,6 7,8 5,7 3,8 1,7 2,5 1,3 2,1 4,2 6,1 8,2 7,4 5,3 4,1 2,2 1,4 2,6 1,8 3,7 5,8 7,7 8,5 6,6 8,7 6,8 4,7 2,8 1,6 2,4 4,5 3,3 1,2 3,1 4,3 5,5 3,4 4,6 6,5 7,3 8,1 6,2 5,4 3,5 2,7 1,5 3,6 4,8 5,6 6,4 8,3 7,5 6,3 7,1 5,2 4,4 
20: 2,3 1,1 3,2 5,1 7,2 8,4 7,6 8,8 6,7 8,6 7,8 5,7 3,8 1,7 2,5 1,3 2,1 4,2 6,1 8,2 7,4 5,3 4,1 2,2 1,4 2,6 1,8 3,7 5,8 7,7 8,5 6,6 8,7 6,8 4,7 2,8 1,6 2,4 4,5 3,3 1,2 3,1 4,3 5,5 3,4 4,6 6,5 7,3 8,1 6,2 5,4 3,5 2,7 1,5 3,6 4,8 5,6 6,4 5,2 7,1 8,3 7,5 6,3 4,4 
21: 2,3 1,1 3,2 5,1 7,2 8,4 7,6 8,8 6,7 8,6 7,8 5,7 3,8 1,7 2,5 1,3 2,1 4,2 6,1 8,2 7,4 5,3 4,1 2,2 1,4 2,6 1,8 3,7 5,8 7,7 8,5 6,6 8,7 6,8 4,7 2,8 1,6 2,4 4,5 3,3 1,2 3,1 4,3 5,5 3,4 4,6 6,5 7,3 8,1 6,2 5,4 3,5 5,6 7,5 8,3 6,4 5,2 7,1 6,3 4,4 3,6 4,8 2,7 1,5 
22: 2,3 1,1 3,2 5,1 7,2 8,4 7,6 8,8 6,7 8,6 7,8 5,7 3,8 1,7 2,5 1,3 2,1 4,2 6,1 8,2 7,4 5,3 4,1 2,2 1,4 2,6 1,8 3,7 5,8 7,7 8,5 6,6 8,7 6,8 4,7 2,8 1,6 2,4 4,5 3,3 1,2 3,1 4,3 5,5 3,4 4,6 6,5 7,3 8,1 6,2 5,4 3,5 5,6 7,5 6,3 7,1 8,3 6,4 5,2 4,4 3,6 4,8 2,7 1,5 
23: 2,3 1,1 3,2 5,1 7,2 8,4 7,6 8,8 6,7 8,6 7,8 5,7 3,8 1,7 2,5 1,3 2,1 4,2 6,1 8,2 7,4 5,3 4,1 2,2 1,4 2,6 1,8 3,7 5,8 7,7 8,5 6,6 8,7 6,8 4,7 2,8 1,6 2,4 4,5 3,3 1,2 3,1 4,3 5,5 3,4 4,6 6,5 7,3 8,1 6,2 5,4 3,5 5,6 6,4 8,3 7,5 6,3 7,1 5,2 4,4 3,6 4,8 2,7 1,5 
24: 2,3 1,1 3,2 5,1 7,2 8,4 7,6 8,8 6,7 8,6 7,8 5,7 3,8 1,7 2,5 1,3 2,1 4,2 6,1 8,2 7,4 5,3 4,1 2,2 1,4 2,6 1,8 3,7 5,8 7,7 8,5 6,6 8,7 6,8 4,7 2,8 1,6 2,4 4,5 3,3 1,2 3,1 4,3 5,5 3,4 4,6 6,5 7,3 8,1 6,2 5,4 3,5 5,6 6,4 5,2 7,1 8,3 7,5 6,3 4,4 3,6 4,8 2,7 1,5 
25: 2,3 1,1 3,2 5,1 7,2 8,4 7,6 8,8 6,7 8,6 7,8 5,7 3,8 1,7 2,5 1,3 2,1 4,2 6,1 8,2 7,4 5,3 4,1 2,2 1,4 2,6 1,8 3,7 5,8 7,7 8,5 6,6 8,7 6,8 4,7 2,8 1,6 2,4 4,5 3,3 1,2 3,1 4,3 5,5 3,4 4,6 6,5 7,3 8,1 6,2 8,3 6,4 5,2 7,1 6,3 7,5 5,4 3,5 5,6 4,8 2,7 1,5 3,6 4,4 
26: 2,3 1,1 3,2 5,1 7,2 8,4 7,6 8,8 6,7 8,6 7,8 5,7 3,8 1,7 2,5 1,3 2,1 4,2 6,1 8,2 7,4 5,3 4,1 2,2 1,4 2,6 1,8 3,7 5,8 7,7 8,5 6,6 8,7 6,8 4,7 2,8 1,6 2,4 4,5 3,3 1,2 3,1 4,3 5,5 3,4 4,6 6,5 7,3 8,1 6,2 8,3 6,4 5,2 7,1 6,3 7,5 5,4 3,5 5,6 4,4 3,6 4,8 2,7 1,5 
27: 2,3 1,1 3,2 5,1 7,2 8,4 7,6 8,8 6,7 8,6 7,8 5,7 3,8 1,7 2,5 1,3 2,1 4,2 6,1 8,2 7,4 5,3 4,1 2,2 1,4 2,6 1,8 3,7 5,8 7,7 8,5 6,6 8,7 6,8 4,7 2,8 1,6 2,4 4,5 3,3 1,2 3,1 4,3 5,5 3,4 4,6 6,5 7,3 8,1 6,2 8,3 6,4 5,2 7,1 6,3 7,5 5,4 3,5 2,7 4,8 5,6 4,4 3,6 1,5 
28: 2,3 1,1 3,2 5,1 7,2 8,4 7,6 8,8 6,7 8,6 7,8 5,7 3,8 1,7 2,5 1,3 2,1 4,2 6,1 8,2 7,4 5,3 4,1 2,2 1,4 2,6 1,8 3,7 5,8 7,7 8,5 6,6 8,7 6,8 4,7 2,8 1,6 2,4 4,5 3,3 1,2 3,1 4,3 5,5 3,4 4,6 6,5 7,3 8,1 6,2 8,3 6,4 5,2 7,1 6,3 7,5 5,4 3,5 2,7 1,5 3,6 4,8 5,6 4,4 
29: 2,3 1,1 3,2 5,1 7,2 8,4 7,6 8,8 6,7 8,6 7,8 5,7 3,8 1,7 2,5 1,3 2,1 4,2 6,1 8,2 7,4 5,3 4,1 2,2 1,4 2,6 1,8 3,7 5,8 7,7 8,5 6,6 8,7 6,8 4,7 2,8 1,6 2,4 4,5 3,3 1,2 3,1 4,3 5,5 3,4 4,6 6,5 7,3 8,1 6,2 8,3 6,4 5,2 7,1 6,3 4,4 3,6 4,8 5,6 7,5 5,4 3,5 2,7 1,5 
30: 2,3 1,1 3,2 5,1 7,2 8,4 7,6 8,8 6,7 8,6 7,8 5,7 3,8 1,7 2,5 1,3 2,1 4,2 6,1 8,2 7,4 5,3 4,1 2,2 1,4 2,6 1,8 3,7 5,8 7,7 8,5 6,6 8,7 6,8 4,7 2,8 1,6 2,4 4,5 3,3 1,2 3,1 4,3 5,5 3,4 4,6 6,5 7,3 8,1 6,2 8,3 6,4 5,2 7,1 6,3 4,4 3,6 1,5 2,7 4,8 5,6 7,5 5,4 3,5 
31: 2,3 1,1 3,2 5,1 7,2 8,4 7,6 8,8 6,7 8,6 7,8 5,7 3,8 1,7 2,5 1,3 2,1 4,2 6,1 8,2 7,4 5,3 4,1 2,2 1,4 2,6 1,8 3,7 5,8 7,7 8,5 6,6 8,7 6,8 4,7 2,8 1,6 2,4 4,5 3,3 1,2 3,1 4,3 5,5 3,4 4,6 6,5 7,3 8,1 6,2 8,3 6,4 5,2 7,1 6,3 4,4 5,6 7,5 5,4 3,5 2,7 4,8 3,6 1,5 
32: 2,3 1,1 3,2 5,1 7,2 8,4 7,6 8,8 6,7 8,6 7,8 5,7 3,8 1,7 2,5 1,3 2,1 4,2 6,1 8,2 7,4 5,3 4,1 2,2 1,4 2,6 1,8 3,7 5,8 7,7 8,5 6,6 8,7 6,8 4,7 2,8 1,6 2,4 4,5 3,3 1,2 3,1 4,3 5,5 3,4 4,6 6,5 7,3 8,1 6,2 8,3 6,4 5,6 4,8 3,6 1,5 2,7 3,5 5,4 7,5 6,3 7,1 5,2 4,4 
33: 2,3 1,1 3,2 5,1 7,2 8,4 7,6 8,8 6,7 8,6 7,8 5,7 3,8 1,7 2,5 1,3 2,1 4,2 6,1 8,2 7,4 5,3 4,1 2,2 1,4 2,6 1,8 3,7 5,8 7,7 8,5 6,6 8,7 6,8 4,7 2,8 1,6 2,4 4,5 3,3 1,2 3,1 4,3 5,5 3,4 4,6 6,5 7,3 8,1 6,2 8,3 6,4 5,6 4,8 3,6 4,4 5,2 7,1 6,3 7,5 5,4 3,5 2,7 1,5 
34: 2,3 1,1 3,2 5,1 7,2 8,4 7,6 8,8 6,7 8,6 7,8 5,7 3,8 1,7 2,5 1,3 2,1 4,2 6,1 8,2 7,4 5,3 4,1 2,2 1,4 2,6 1,8 3,7 5,8 7,7 8,5 6,6 8,7 6,8 4,7 2,8 1,6 2,4 4,5 3,3 1,2 3,1 4,3 5,5 3,4 4,6 6,5 7,3 8,1 6,2 8,3 6,4 5,6 4,8 2,7 3,5 5,4 7,5 6,3 7,1 5,2 4,4 3,6 1,5 
35: 2,3 1,1 3,2 5,1 7,2 8,4 7,6 8,8 6,7 8,6 7,8 5,7 3,8 1,7 2,5 1,3 2,1 4,2 6,1 8,2 7,4 5,3 4,1 2,2 1,4 2,6 1,8 3,7 5,8 7,7 8,5 6,6 8,7 6,8 4,7 2,8 1,6 2,4 4,5 3,3 1,2 3,1 4,3 5,5 3,4 4,6 6,5 7,3 8,1 6,2 8,3 6,4 5,6 4,8 2,7 1,5 3,6 4,4 5,2 7,1 6,3 7,5 5,4 3,5 
36: 2,3 1,1 3,2 5,1 7,2 8,4 7,6 8,8 6,7 8,6 7,8 5,7 3,8 1,7 2,5 1,3 2,1 4,2 6,1 8,2 7,4 5,3 4,1 2,2 1,4 2,6 1,8 3,7 5,8 7,7 8,5 6,6 8,7 6,8 4,7 2,8 1,6 2,4 4,5 3,3 1,2 3,1 4,3 5,5 3,4 4,6 6,5 7,3 8,1 6,2 8,3 6,4 5,6 3,5 5,4 7,5 6,3 7,1 5,2 4,4 3,6 4,8 2,7 1,5 
37: 2,3 1,1 3,2 5,1 7,2 8,4 7,6 8,8 6,7 8,6 7,8 5,7 3,8 1,7 2,5 1,3 2,1 4,2 6,1 8,2 7,4 5,3 4,1 2,2 1,4 2,6 1,8 3,7 5,8 7,7 8,5 6,6 8,7 6,8 4,7 2,8 1,6 2,4 4,5 3,3 1,2 3,1 4,3 5,5 3,4 4,6 6,5 7,3 8,1 6,2 8,3 6,4 5,6 4,4 5,2 7,1 6,3 7,5 5,4 3,5 2,7 4,8 3,6 1,5 
38: 2,3 1,1 3,2 5,1 7,2 8,4 7,6 8,8 6,7 8,6 7,8 5,7 3,8 1,7 2,5 1,3 2,1 4,2 6,1 8,2 7,4 5,3 4,1 2,2 1,4 2,6 1,8 3,7 5,8 7,7 8,5 6,6 8,7 6,8 4,7 2,8 1,6 2,4 4,5 3,3 1,2 3,1 4,3 5,5 3,4 4,6 6,5 7,3 8,1 6,2 8,3 7,1 6,3 7,5 5,4 3,5 2,7 4,8 5,6 6,4 5,2 4,4 3,6 1,5 
39: 2,3 1,1 3,2 5,1 7,2 8,4 7,6 8,8 6,7 8,6 7,8 5,7 3,8 1,7 2,5 1,3 2,1 4,2 6,1 8,2 7,4 5,3 4,1 2,2 1,4 2,6 1,8 3,7 5,8 7,7 8,5 6,6 8,7 6,8 4,7 2,8 1,6 2,4 4,5 3,3 1,2 3,1 4,3 5,5 3,4 4,6 6,5 7,3 8,1 6,2 8,3 7,1 6,3 7,5 5,4 3,5 2,7 1,5 3,6 4,8 5,6 6,4 5,2 4,4 
40: 2,3 1,1 3,2 5,1 7,2 8,4 7,6 8,8 6,7 8,6 7,8 5,7 3,8 1,7 2,5 1,3 2,1 4,2 6,1 8,2 7,4 5,3 4,1 2,2 1,4 2,6 1,8 3,7 5,8 7,7 8,5 6,6 8,7 6,8 4,7 2,8 1,6 2,4 4,5 3,3 1,2 3,1 4,3 5,5 3,4 4,6 6,5 7,3 8,1 6,2 8,3 7,1 6,3 7,5 5,4 3,5 5,6 6,4 5,2 4,4 3,6 4,8 2,7 1,5 
41: 2,3 1,1 3,2 5,1 7,2 8,4 7,6 8,8 6,7 8,6 7,8 5,7 3,8 1,7 2,5 1,3 2,1 4,2 6,1 8,2 7,4 5,3 4,1 2,2 1,4 2,6 1,8 3,7 5,8 7,7 8,5 6,6 8,7 6,8 4,7 2,8 1,6 2,4 4,5 3,3 1,2 3,1 4,3 5,5 3,4 4,6 6,5 7,3 8,1 6,2 8,3 7,1 6,3 4,4 5,2 6,4 5,6 7,5 5,4 3,5 2,7 4,8 3,6 1,5 
42: 2,3 1,1 3,2 5,1 7,2 8,4 7,6 8,8 6,7 8,6 7,8 5,7 3,8 1,7 2,5 1,3 2,1 4,2 6,1 8,2 7,4 5,3 4,1 2,2 1,4 2,6 1,8 3,7 5,8 7,7 8,5 6,6 8,7 6,8 4,7 2,8 1,6 2,4 4,5 3,3 1,2 3,1 4,3 5,5 3,4 4,6 6,5 7,3 8,1 6,2 8,3 7,1 5,2 6,4 5,6 4,8 3,6 4,4 6,3 7,5 5,4 3,5 2,7 1,5 
43: 2,3 1,1 3,2 5,1 7,2 8,4 7,6 8,8 6,7 8,6 7,8 5,7 3,8 1,7 2,5 1,3 2,1 4,2 6,1 8,2 7,4 5,3 4,1 2,2 1,4 2,6 1,8 3,7 5,8 7,7 8,5 6,6 8,7 6,8 4,7 2,8 1,6 2,4 4,5 3,3 1,2 3,1 4,3 5,5 3,4 4,6 6,5 7,3 8,1 6,2 8,3 7,1 5,2 6,4 5,6 4,8 3,6 1,5 2,7 3,5 5,4 7,5 6,3 4,4 
44: 2,3 1,1 3,2 5,1 7,2 8,4 7,6 8,8 6,7 8,6 7,8 5,7 3,8 1,7 2,5 1,3 2,1 4,2 6,1 8,2 7,4 5,3 4,1 2,2 1,4 2,6 1,8 3,7 5,8 7,7 8,5 6,6 8,7 6,8 4,7 2,8 1,6 2,4 4,5 3,3 1,2 3,1 4,3 5,5 3,4 4,6 6,5 7,3 8,1 6,2 8,3 7,1 5,2 6,4 5,6 4,8 2,7 3,5 5,4 7,5 6,3 4,4 3,6 1,5 
45: 2,3 1,1 3,2 5,1 7,2 8,4 7,6 8,8 6,7 8,6 7,8 5,7 3,8 1,7 2,5 1,3 2,1 4,2 6,1 8,2 7,4 5,3 4,1 2,2 1,4 2,6 1,8 3,7 5,8 7,7 8,5 6,6 8,7 6,8 4,7 2,8 1,6 2,4 4,5 3,3 1,2 3,1 4,3 5,5 3,4 4,6 6,5 7,3 8,1 6,2 8,3 7,1 5,2 6,4 5,6 4,8 2,7 1,5 3,6 4,4 6,3 7,5 5,4 3,5 
46: 2,3 1,1 3,2 5,1 7,2 8,4 7,6 8,8 6,7 8,6 7,8 5,7 3,8 1,7 2,5 1,3 2,1 4,2 6,1 8,2 7,4 5,3 4,1 2,2 1,4 2,6 1,8 3,7 5,8 7,7 8,5 6,6 8,7 6,8 4,7 2,8 1,6 2,4 4,5 3,3 1,2 3,1 4,3 5,5 3,4 4,6 6,5 7,3 8,1 6,2 8,3 7,1 5,2 6,4 5,6 4,4 6,3 7,5 5,4 3,5 2,7 4,8 3,6 1,5 
47: 2,3 1,1 3,2 5,1 7,2 8,4 7,6 8,8 6,7 8,6 7,8 5,7 3,8 1,7 2,5 1,3 2,1 4,2 6,1 8,2 7,4 5,3 4,1 2,2 1,4 2,6 1,8 3,7 5,8 7,7 8,5 6,6 8,7 6,8 4,7 2,8 1,6 2,4 4,5 3,3 1,2 3,1 4,3 5,5 3,4 4,6 6,5 7,3 8,1 6,2 8,3 7,1 5,2 6,4 5,6 3,5 5,4 7,5 6,3 4,4 3,6 4,8 2,7 1,5 
48: 2,3 1,1 3,2 5,1 7,2 8,4 7,6 8,8 6,7 8,6 7,8 5,7 3,8 1,7 2,5 1,3 2,1 4,2 6,1 8,2 7,4 5,3 4,1 2,2 1,4 2,6 1,8 3,7 5,8 7,7 8,5 6,6 8,7 6,8 4,7 2,8 1,6 2,4 4,5 3,3 1,2 3,1 4,3 5,5 3,4 4,6 6,5 7,3 8,1 6,2 8,3 7,5 5,4 3,5 2,7 4,8 5,6 6,4 5,2 7,1 6,3 4,4 3,6 1,5 
49: 2,3 1,1 3,2 5,1 7,2 8,4 7,6 8,8 6,7 8,6 7,8 5,7 3,8 1,7 2,5 1,3 2,1 4,2 6,1 8,2 7,4 5,3 4,1 2,2 1,4 2,6 1,8 3,7 5,8 7,7 8,5 6,6 8,7 6,8 4,7 2,8 1,6 2,4 4,5 3,3 1,2 3,1 4,3 5,5 3,4 4,6 6,5 7,3 8,1 6,2 8,3 7,5 5,4 3,5 2,7 1,5 3,6 4,8 5,6 6,4 5,2 7,1 6,3 4,4 
50: 2,3 1,1 3,2 5,1 7,2 8,4 7,6 8,8 6,7 8,6 7,8 5,7 3,8 1,7 2,5 1,3 2,1 4,2 6,1 8,2 7,4 5,3 4,1 2,2 1,4 2,6 1,8 3,7 5,8 7,7 8,5 6,6 8,7 6,8 4,7 2,8 1,6 2,4 4,5 3,3 1,2 3,1 4,3 5,5 3,4 4,6 6,5 7,3 8,1 6,2 8,3 7,5 5,4 3,5 5,6 6,4 5,2 7,1 6,3 4,4 3,6 4,8 2,7 1,5 
51: 2,3 1,1 3,2 5,1 7,2 8,4 7,6 8,8 6,7 8,6 7,8 5,7 3,8 1,7 2,5 1,3 2,1 4,2 6,1 8,2 7,4 5,3 4,1 2,2 1,4 2,6 1,8 3,7 5,8 7,7 8,5 6,6 8,7 6,8 4,7 2,8 1,6 2,4 4,5 3,3 1,2 3,1 4,3 5,5 3,4 4,6 6,5 4,4 6,3 7,1 5,2 6,4 8,3 6,2 8,1 7,3 5,4 7,5 5,6 4,8 3,6 1,5 2,7 3,5 
52: 2,3 1,1 3,2 5,1 7,2 8,4 7,6 8,8 6,7 8,6 7,8 5,7 3,8 1,7 2,5 1,3 2,1 4,2 6,1 8,2 7,4 5,3 4,1 2,2 1,4 2,6 1,8 3,7 5,8 7,7 8,5 6,6 8,7 6,8 4,7 2,8 1,6 2,4 4,5 3,3 1,2 3,1 4,3 5,5 3,4 4,6 6,5 4,4 6,3 7,1 5,2 6,4 8,3 6,2 8,1 7,3 5,4 7,5 5,6 3,5 2,7 4,8 3,6 1,5 
53: 2,3 1,1 3,2 5,1 7,2 8,4 7,6 8,8 6,7 8,6 7,8 5,7 3,8 1,7 2,5 1,3 2,1 4,2 6,1 8,2 7,4 5,3 4,1 2,2 1,4 2,6 1,8 3,7 5,8 7,7 8,5 6,6 8,7 6,8 4,7 2,8 1,6 2,4 4,5 3,3 1,2 3,1 4,3 5,5 3,4 4,6 6,5 4,4 6,3 7,1 5,2 6,4 5,6 7,5 8,3 6,2 8,1 7,3 5,4 3,5 2,7 4,8 3,6 1,5 
54: 2,3 1,1 3,2 5,1 7,2 8,4 7,6 8,8 6,7 8,6 7,8 5,7 3,8 1,7 2,5 1,3 2,1 4,2 6,1 8,2 7,4 5,3 4,1 2,2 1,4 2,6 1,8 3,7 5,8 7,7 8,5 6,6 8,7 6,8 4,7 2,8 1,6 2,4 4,5 3,3 1,2 3,1 4,3 5,5 3,4 4,6 6,5 4,4 6,3 7,1 5,2 7,3 8,1 6,2 8,3 6,4 5,6 7,5 5,4 3,5 2,7 4,8 3,6 1,5 
55: 2,3 1,1 3,2 5,1 7,2 8,4 7,6 8,8 6,7 8,6 7,8 5,7 3,8 1,7 2,5 1,3 2,1 4,2 6,1 8,2 7,4 5,3 4,1 2,2 1,4 2,6 1,8 3,7 5,8 7,7 8,5 6,6 8,7 6,8 4,7 2,8 1,6 2,4 4,5 3,3 1,2 3,1 4,3 5,5 3,4 4,6 6,5 4,4 6,3 7,1 5,2 7,3 8,1 6,2 5,4 7,5 8,3 6,4 5,6 4,8 3,6 1,5 2,7 3,5 
56: 2,3 1,1 3,2 5,1 7,2 8,4 7,6 8,8 6,7 8,6 7,8 5,7 3,8 1,7 2,5 1,3 2,1 4,2 6,1 8,2 7,4 5,3 4,1 2,2 1,4 2,6 1,8 3,7 5,8 7,7 8,5 6,6 8,7 6,8 4,7 2,8 1,6 2,4 4,5 3,3 1,2 3,1 4,3 5,5 3,4 4,6 6,5 4,4 6,3 7,1 5,2 7,3 8,1 6,2 5,4 7,5 8,3 6,4 5,6 3,5 2,7 4,8 3,6 1,5 
57: 2,3 1,1 3,2 5,1 7,2 8,4 7,6 8,8 6,7 8,6 7,8 5,7 3,8 1,7 2,5 1,3 2,1 4,2 6,1 8,2 7,4 5,3 4,1 2,2 1,4 2,6 1,8 3,7 5,8 7,7 8,5 6,6 8,7 6,8 4,7 2,8 1,6 2,4 4,5 3,3 1,2 3,1 4,3 5,5 3,4 4,6 6,5 4,4 6,3 7,1 8,3 7,5 5,6 6,4 5,2 7,3 8,1 6,2 5,4 3,5 2,7 4,8 3,6 1,5 
58: 2,3 1,1 3,2 5,1 7,2 8,4 7,6 8,8 6,7 8,6 7,8 5,7 3,8 1,7 2,5 1,3 2,1 4,2 6,1 8,2 7,4 5,3 4,1 2,2 1,4 2,6 1,8 3,7 5,8 7,7 8,5 6,6 8,7 6,8 4,7 2,8 1,6 2,4 4,5 3,3 1,2 3,1 4,3 5,5 3,4 4,6 6,5 4,4 6,3 7,1 8,3 7,5 5,4 6,2 8,1 7,3 5,2 6,4 5,6 4,8 3,6 1,5 2,7 3,5 
59: 2,3 1,1 3,2 5,1 7,2 8,4 7,6 8,8 6,7 8,6 7,8 5,7 3,8 1,7 2,5 1,3 2,1 4,2 6,1 8,2 7,4 5,3 4,1 2,2 1,4 2,6 1,8 3,7 5,8 7,7 8,5 6,6 8,7 6,8 4,7 2,8 1,6 2,4 4,5 3,3 1,2 3,1 4,3 5,5 3,4 4,6 6,5 4,4 6,3 7,1 8,3 7,5 5,4 6,2 8,1 7,3 5,2 6,4 5,6 3,5 2,7 4,8 3,6 1,5 
60: 2,3 1,1 3,2 5,1 7,2 8,4 7,6 8,8 6,7 8,6 7,8 5,7 3,8 1,7 2,5 1,3 2,1 4,2 6,1 8,2 7,4 5,3 4,1 2,2 1,4 2,6 1,8 3,7 5,8 7,7 8,5 6,6 8,7 6,8 4,7 2,8 1,6 2,4 4,5 3,3 1,2 3,1 4,3 5,5 3,4 4,6 6,5 4,4 6,3 7,1 8,3 6,4 5,2 7,3 8,1 6,2 5,4 7,5 5,6 4,8 3,6 1,5 2,7 3,5 
61: 2,3 1,1 3,2 5,1 7,2 8,4 7,6 8,8 6,7 8,6 7,8 5,7 3,8 1,7 2,5 1,3 2,1 4,2 6,1 8,2 7,4 5,3 4,1 2,2 1,4 2,6 1,8 3,7 5,8 7,7 8,5 6,6 8,7 6,8 4,7 2,8 1,6 2,4 4,5 3,3 1,2 3,1 4,3 5,5 3,4 4,6 6,5 4,4 6,3 7,1 8,3 6,4 5,2 7,3 8,1 6,2 5,4 7,5 5,6 3,5 2,7 4,8 3,6 1,5 
62: 2,3 1,1 3,2 5,1 7,2 8,4 7,6 8,8 6,7 8,6 7,8 5,7 3,8 1,7 2,5 1,3 2,1 4,2 6,1 8,2 7,4 5,3 4,1 2,2 1,4 2,6 1,8 3,7 5,8 7,7 8,5 6,6 8,7 6,8 4,7 2,8 1,6 2,4 4,5 3,3 1,2 3,1 4,3 5,5 3,4 4,6 6,5 4,4 6,3 7,1 8,3 6,2 8,1 7,3 5,2 6,4 5,6 7,5 5,4 3,5 2,7 4,8 3,6 1,5 
63: 2,3 1,1 3,2 5,1 7,2 8,4 7,6 8,8 6,7 8,6 7,8 5,7 3,8 1,7 2,5 1,3 2,1 4,2 6,1 8,2 7,4 5,3 4,1 2,2 1,4 2,6 1,8 3,7 5,8 7,7 8,5 6,6 8,7 6,8 4,7 2,8 1,6 2,4 4,5 3,3 1,2 3,1 4,3 5,5 3,4 4,6 6,5 4,4 6,3 7,5 5,6 6,4 8,3 7,1 5,2 7,3 8,1 6,2 5,4 3,5 2,7 4,8 3,6 1,5 
64: 2,3 1,1 3,2 5,1 7,2 8,4 7,6 8,8 6,7 8,6 7,8 5,7 3,8 1,7 2,5 1,3 2,1 4,2 6,1 8,2 7,4 5,3 4,1 2,2 1,4 2,6 1,8 3,7 5,8 7,7 8,5 6,6 8,7 6,8 4,7 2,8 1,6 2,4 4,5 3,3 1,2 3,1 4,3 5,5 3,4 4,6 6,5 4,4 6,3 7,5 5,6 6,4 5,2 7,1 8,3 6,2 8,1 7,3 5,4 3,5 2,7 4,8 3,6 1,5 
65: 2,3 1,1 3,2 5,1 7,2 8,4 7,6 8,8 6,7 8,6 7,8 5,7 3,8 1,7 2,5 1,3 2,1 4,2 6,1 8,2 7,4 5,3 4,1 2,2 1,4 2,6 1,8 3,7 5,8 7,7 8,5 6,6 8,7 6,8 4,7 2,8 1,6 2,4 4,5 3,3 1,2 3,1 4,3 5,5 3,4 4,6 6,5 4,4 6,3 7,5 5,4 7,3 8,1 6,2 8,3 7,1 5,2 6,4 5,6 4,8 3,6 1,5 2,7 3,5 
66: 2,3 1,1 3,2 5,1 7,2 8,4 7,6 8,8 6,7 8,6 7,8 5,7 3,8 1,7 2,5 1,3 2,1 4,2 6,1 8,2 7,4 5,3 4,1 2,2 1,4 2,6 1,8 3,7 5,8 7,7 8,5 6,6 8,7 6,8 4,7 2,8 1,6 2,4 4,5 3,3 1,2 3,1 4,3 5,5 3,4 4,6 6,5 4,4 6,3 7,5 5,4 7,3 8,1 6,2 8,3 7,1 5,2 6,4 5,6 3,5 2,7 4,8 3,6 1,5 
67: 2,3 1,1 3,2 5,1 7,2 8,4 7,6 8,8 6,7 8,6 7,8 5,7 3,8 1,7 2,5 1,3 2,1 4,2 6,1 8,2 7,4 5,3 4,1 2,2 1,4 2,6 1,8 3,7 5,8 7,7 8,5 6,6 8,7 6,8 4,7 2,8 1,6 2,4 4,5 3,3 1,2 3,1 4,3 5,5 3,4 4,6 6,5 4,4 6,3 7,5 5,4 6,2 8,1 7,3 5,2 7,1 8,3 6,4 5,6 4,8 3,6 1,5 2,7 3,5 
68: 2,3 1,1 3,2 5,1 7,2 8,4 7,6 8,8 6,7 8,6 7,8 5,7 3,8 1,7 2,5 1,3 2,1 4,2 6,1 8,2 7,4 5,3 4,1 2,2 1,4 2,6 1,8 3,7 5,8 7,7 8,5 6,6 8,7 6,8 4,7 2,8 1,6 2,4 4,5 3,3 1,2 3,1 4,3 5,5 3,4 4,6 6,5 4,4 6,3 7,5 5,4 6,2 8,1 7,3 5,2 7,1 8,3 6,4 5,6 3,5 2,7 4,8 3,6 1,5 
69: 2,3 1,1 3,2 5,1 7,2 8,4 7,6 8,8 6,7 8,6 7,8 5,7 3,8 1,7 2,5 1,3 2,1 4,2 6,1 8,2 7,4 5,3 4,1 2,2 1,4 2,6 1,8 3,7 5,8 7,7 8,5 6,6 8,7 6,8 4,7 2,8 1,6 2,4 4,5 3,3 1,2 3,1 4,3 5,5 3,4 4,6 6,5 4,4 3,6 4,8 5,6 6,4 5,2 7,3 8,1 6,2 8,3 7,1 6,3 7,5 5,4 3,5 2,7 1,5 
70: 2,3 1,1 3,2 5,1 7,2 8,4 7,6 8,8 6,7 8,6 7,8 5,7 3,8 1,7 2,5 1,3 2,1 4,2 6,1 8,2 7,4 5,3 4,1 2,2 1,4 2,6 1,8 3,7 5,8 7,7 8,5 6,6 8,7 6,8 4,7 2,8 1,6 2,4 4,5 3,3 1,2 3,1 4,3 5,5 3,4 4,6 6,5 4,4 3,6 4,8 5,6 6,4 5,2 7,1 6,3 7,5 8,3 6,2 8,1 7,3 5,4 3,5 2,7 1,5 
71: 2,3 1,1 3,2 5,1 7,2 8,4 7,6 8,8 6,7 8,6 7,8 5,7 3,8 1,7 2,5 1,3 2,1 4,2 6,1 8,2 7,4 5,3 4,1 2,2 1,4 2,6 1,8 3,7 5,8 7,7 8,5 6,6 8,7 6,8 4,7 2,8 1,6 2,4 4,5 3,3 1,2 3,1 4,3 5,5 3,4 4,6 6,5 4,4 3,6 4,8 5,6 6,4 8,3 7,5 6,3 7,1 5,2 7,3 8,1 6,2 5,4 3,5 2,7 1,5 
72: 2,3 1,1 3,2 5,1 7,2 8,4 7,6 8,8 6,7 8,6 7,8 5,7 3,8 1,7 2,5 1,3 2,1 4,2 6,1 8,2 7,4 5,3 4,1 2,2 1,4 2,6 1,8 3,7 5,8 7,7 8,5 6,6 8,7 6,8 4,7 2,8 1,6 2,4 4,5 3,3 1,2 3,1 4,3 5,5 3,4 4,6 6,5 4,4 3,6 4,8 5,6 6,4 8,3 6,2 8,1 7,3 5,2 7,1 6,3 7,5 5,4 3,5 2,7 1,5 
73: 2,3 1,1 3,2 5,1 7,2 8,4 7,6 8,8 6,7 8,6 7,8 5,7 3,8 1,7 2,5 1,3 2,1 4,2 6,1 8,2 7,4 5,3 4,1 2,2 1,4 2,6 1,8 3,7 5,8 7,7 8,5 6,6 8,7 6,8 4,7 2,8 1,6 2,4 4,5 3,3 1,2 3,1 4,3 5,5 3,4 4,6 6,5 4,4 3,6 4,8 5,6 7,5 6,3 7,1 8,3 6,4 5,2 7,3 8,1 6,2 5,4 3,5 2,7 1,5 
74: 2,3 1,1 3,2 5,1 7,2 8,4 7,6 8,8 6,7 8,6 7,8 5,7 3,8 1,7 2,5 1,3 2,1 4,2 6,1 8,2 7,4 5,3 4,1 2,2 1,4 2,6 1,8 3,7 5,8 7,7 8,5 6,6 8,7 6,8 4,7 2,8 1,6 2,4 4,5 3,3 1,2 3,1 4,3 5,5 3,4 4,6 6,5 4,4 3,6 4,8 5,6 7,5 6,3 7,1 5,2 6,4 8,3 6,2 8,1 7,3 5,4 3,5 2,7 1,5 
75: 2,3 1,1 3,2 5,1 7,2 8,4 7,6 8,8 6,7 8,6 7,8 5,7 3,8 1,7 2,5 1,3 2,1 4,2 6,1 8,2 7,4 5,3 4,1 2,2 1,4 2,6 1,8 3,7 5,8 7,7 8,5 6,6 8,7 6,8 4,7 2,8 1,6 2,4 4,5 3,3 1,2 3,1 4,3 5,5 3,4 4,6 6,5 4,4 3,6 1,5 2,7 4,8 5,6 6,4 5,2 7,3 8,1 6,2 8,3 7,1 6,3 7,5 5,4 3,5 
76: 2,3 1,1 3,2 5,1 7,2 8,4 7,6 8,8 6,7 8,6 7,8 5,7 3,8 1,7 2,5 1,3 2,1 4,2 6,1 8,2 7,4 5,3 4,1 2,2 1,4 2,6 1,8 3,7 5,8 7,7 8,5 6,6 8,7 6,8 4,7 2,8 1,6 2,4 4,5 3,3 1,2 3,1 4,3 5,5 3,4 4,6 6,5 4,4 3,6 1,5 2,7 4,8 5,6 6,4 5,2 7,1 6,3 7,5 8,3 6,2 8,1 7,3 5,4 3,5 
77: 2,3 1,1 3,2 5,1 7,2 8,4 7,6 8,8 6,7 8,6 7,8 5,7 3,8 1,7 2,5 1,3 2,1 4,2 6,1 8,2 7,4 5,3 4,1 2,2 1,4 2,6 1,8 3,7 5,8 7,7 8,5 6,6 8,7 6,8 4,7 2,8 1,6 2,4 4,5 3,3 1,2 3,1 4,3 5,5 3,4 4,6 6,5 4,4 3,6 1,5 2,7 4,8 5,6 6,4 8,3 7,5 6,3 7,1 5,2 7,3 8,1 6,2 5,4 3,5 
78: 2,3 1,1 3,2 5,1 7,2 8,4 7,6 8,8 6,7 8,6 7,8 5,7 3,8 1,7 2,5 1,3 2,1 4,2 6,1 8,2 7,4 5,3 4,1 2,2 1,4 2,6 1,8 3,7 5,8 7,7 8,5 6,6 8,7 6,8 4,7 2,8 1,6 2,4 4,5 3,3 1,2 3,1 4,3 5,5 3,4 4,6 6,5 4,4 3,6 1,5 2,7 4,8 5,6 6,4 8,3 6,2 8,1 7,3 5,2 7,1 6,3 7,5 5,4 3,5 
79: 2,3 1,1 3,2 5,1 7,2 8,4 7,6 8,8 6,7 8,6 7,8 5,7 3,8 1,7 2,5 1,3 2,1 4,2 6,1 8,2 7,4 5,3 4,1 2,2 1,4 2,6 1,8 3,7 5,8 7,7 8,5 6,6 8,7 6,8 4,7 2,8 1,6 2,4 4,5 3,3 1,2 3,1 4,3 5,5 3,4 4,6 6,5 4,4 3,6 1,5 2,7 4,8 5,6 7,5 6,3 7,1 8,3 6,4 5,2 7,3 8,1 6,2 5,4 3,5 
80: 2,3 1,1 3,2 5,1 7,2 8,4 7,6 8,8 6,7 8,6 7,8 5,7 3,8 1,7 2,5 1,3 2,1 4,2 6,1 8,2 7,4 5,3 4,1 2,2 1,4 2,6 1,8 3,7 5,8 7,7 8,5 6,6 8,7 6,8 4,7 2,8 1,6 2,4 4,5 3,3 1,2 3,1 4,3 5,5 3,4 4,6 6,5 4,4 3,6 1,5 2,7 4,8 5,6 7,5 6,3 7,1 5,2 6,4 8,3 6,2 8,1 7,3 5,4 3,5 
81: 2,3 1,1 3,2 5,1 7,2 8,4 7,6 8,8 6,7 8,6 7,8 5,7 3,8 1,7 2,5 1,3 2,1 4,2 6,1 8,2 7,4 5,3 4,1 2,2 1,4 2,6 1,8 3,7 5,8 7,7 8,5 6,6 8,7 6,8 4,7 2,8 1,6 2,4 4,5 3,3 1,2 3,1 4,3 5,5 3,4 4,6 6,5 4,4 5,2 6,4 5,6 7,5 6,3 7,1 8,3 6,2 8,1 7,3 5,4 3,5 2,7 4,8 3,6 1,5 
82: 2,3 1,1 3,2 5,1 7,2 8,4 7,6 8,8 6,7 8,6 7,8 5,7 3,8 1,7 2,5 1,3 2,1 4,2 6,1 8,2 7,4 5,3 4,1 2,2 1,4 2,6 1,8 3,7 5,8 7,7 8,5 6,6 8,7 6,8 4,7 2,8 1,6 2,4 4,5 3,3 1,2 3,1 4,3 5,5 3,4 4,6 6,5 4,4 5,2 7,3 8,1 6,2 5,4 7,5 6,3 7,1 8,3 6,4 5,6 4,8 3,6 1,5 2,7 3,5 
83: 2,3 1,1 3,2 5,1 7,2 8,4 7,6 8,8 6,7 8,6 7,8 5,7 3,8 1,7 2,5 1,3 2,1 4,2 6,1 8,2 7,4 5,3 4,1 2,2 1,4 2,6 1,8 3,7 5,8 7,7 8,5 6,6 8,7 6,8 4,7 2,8 1,6 2,4 4,5 3,3 1,2 3,1 4,3 5,5 3,4 4,6 6,5 4,4 5,2 7,3 8,1 6,2 5,4 7,5 6,3 7,1 8,3 6,4 5,6 3,5 2,7 4,8 3,6 1,5 
84: 2,3 1,1 3,2 5,1 7,2 8,4 7,6 8,8 6,7 8,6 7,8 5,7 3,8 1,7 2,5 1,3 2,1 4,2 6,1 8,2 7,4 5,3 4,1 2,2 1,4 2,6 1,8 3,7 5,8 7,7 8,5 6,6 8,7 6,8 4,7 2,8 1,6 2,4 4,5 3,3 1,2 3,1 4,3 5,5 3,4 4,6 6,5 4,4 5,2 7,1 6,3 7,5 5,6 6,4 8,3 6,2 8,1 7,3 5,4 3,5 2,7 4,8 3,6 1,5 
85: 2,3 1,1 3,2 5,1 7,2 8,4 7,6 8,8 6,7 8,6 7,8 5,7 3,8 1,7 2,5 1,3 2,1 4,2 6,1 8,2 7,4 5,3 4,1 2,2 1,4 2,6 1,8 3,7 5,8 7,7 8,5 6,6 8,7 6,8 4,7 2,8 1,6 2,4 4,5 3,3 1,2 3,1 4,3 5,5 3,4 4,6 6,5 4,4 5,2 7,1 6,3 7,5 5,4 7,3 8,1 6,2 8,3 6,4 5,6 4,8 3,6 1,5 2,7 3,5 
86: 2,3 1,1 3,2 5,1 7,2 8,4 7,6 8,8 6,7 8,6 7,8 5,7 3,8 1,7 2,5 1,3 2,1 4,2 6,1 8,2 7,4 5,3 4,1 2,2 1,4 2,6 1,8 3,7 5,8 7,7 8,5 6,6 8,7 6,8 4,7 2,8 1,6 2,4 4,5 3,3 1,2 3,1 4,3 5,5 3,4 4,6 6,5 4,4 5,2 7,1 6,3 7,5 5,4 7,3 8,1 6,2 8,3 6,4 5,6 3,5 2,7 4,8 3,6 1,5 
87: 2,3 1,1 3,2 5,1 7,2 8,4 7,6 8,8 6,7 8,6 7,8 5,7 3,8 1,7 2,5 1,3 2,1 4,2 6,1 8,2 7,4 5,3 4,1 2,2 1,4 2,6 1,8 3,7 5,8 7,7 8,5 6,6 8,7 6,8 4,7 2,8 1,6 2,4 4,5 3,3 1,2 3,1 4,3 5,5 3,4 4,6 6,5 4,4 5,6 6,4 5,2 7,3 8,1 6,2 8,3 7,1 6,3 7,5 5,4 3,5 2,7 4,8 3,6 1,5 
88: 2,3 1,1 3,2 5,1 7,2 8,4 7,6 8,8 6,7 8,6 7,8 5,7 3,8 1,7 2,5 1,3 2,1 4,2 6,1 8,2 7,4 5,3 4,1 2,2 1,4 2,6 1,8 3,7 5,8 7,7 8,5 6,6 8,7 6,8 4,7 2,8 1,6 2,4 4,5 3,3 1,2 3,1 4,3 5,5 3,4 4,6 6,5 4,4 5,6 6,4 5,2 7,1 6,3 7,5 8,3 6,2 8,1 7,3 5,4 3,5 2,7 4,8 3,6 1,5 
89: 2,3 1,1 3,2 5,1 7,2 8,4 7,6 8,8 6,7 8,6 7,8 5,7 3,8 1,7 2,5 1,3 2,1 4,2 6,1 8,2 7,4 5,3 4,1 2,2 1,4 2,6 1,8 3,7 5,8 7,7 8,5 6,6 8,7 6,8 4,7 2,8 1,6 2,4 4,5 3,3 1,2 3,1 4,3 5,5 3,4 4,6 6,5 4,4 5,6 6,4 8,3 7,5 6,3 7,1 5,2 7,3 8,1 6,2 5,4 3,5 2,7 4,8 3,6 1,5 
90: 2,3 1,1 3,2 5,1 7,2 8,4 7,6 8,8 6,7 8,6 7,8 5,7 3,8 1,7 2,5 1,3 2,1 4,2 6,1 8,2 7,4 5,3 4,1 2,2 1,4 2,6 1,8 3,7 5,8 7,7 8,5 6,6 8,7 6,8 4,7 2,8 1,6 2,4 4,5 3,3 1,2 3,1 4,3 5,5 3,4 4,6 6,5 4,4 5,6 6,4 8,3 6,2 8,1 7,3 5,2 7,1 6,3 7,5 5,4 3,5 2,7 4,8 3,6 1,5 
91: 2,3 1,1 3,2 5,1 7,2 8,4 7,6 8,8 6,7 8,6 7,8 5,7 3,8 1,7 2,5 1,3 2,1 4,2 6,1 8,2 7,4 5,3 4,1 2,2 1,4 2,6 1,8 3,7 5,8 7,7 8,5 6,6 8,7 6,8 4,7 2,8 1,6 2,4 4,5 3,3 1,2 3,1 4,3 5,5 3,4 4,6 6,5 4,4 5,6 7,5 6,3 7,1 8,3 6,4 5,2 7,3 8,1 6,2 5,4 3,5 2,7 4,8 3,6 1,5 
92: 2,3 1,1 3,2 5,1 7,2 8,4 7,6 8,8 6,7 8,6 7,8 5,7 3,8 1,7 2,5 1,3 2,1 4,2 6,1 8,2 7,4 5,3 4,1 2,2 1,4 2,6 1,8 3,7 5,8 7,7 8,5 6,6 8,7 6,8 4,7 2,8 1,6 2,4 4,5 3,3 1,2 3,1 4,3 5,5 3,4 4,6 6,5 4,4 5,6 7,5 6,3 7,1 5,2 6,4 8,3 6,2 8,1 7,3 5,4 3,5 2,7 4,8 3,6 1,5 
