1: 2,3 1,1 3,2 1,3 2,1 4,2 6,1 8,2 7,4 8,6 7,8 5,7 3,8 1,7 2,5 3,7 1,8 2,6 1,4 2,2 4,1 6,2 8,1 7,3 8,5 7,7 5,8 4,6 2,7 1,5 3,6 2,8 1,6 2,4 1,2 3,1 5,2 7,1 8,3 7,5 8,7 6,8 4,7 6,6 5,4 3,3 4,5 6,4 7,2 5,1 4,3 3,5 5,6 4,8 6,7 8,8 7,6 8,4 6,3 5,5 3,4 5,3 6,5 4,4 2,3 
2: 2,3 1,1 3,2 1,3 2,1 4,2 6,1 8,2 7,4 8,6 7,8 5,7 3,8 1,7 2,5 3,7 1,8 2,6 1,4 2,2 4,1 6,2 8,1 7,3 8,5 7,7 5,8 4,6 2,7 1,5 3,6 2,8 1,6 2,4 1,2 3,1 5,2 7,1 8,3 7,5 8,7 6,8 4,7 6,6 5,4 3,3 4,5 6,4 7,2 5,1 4,3 3,5 5,6 4,8 6,7 8,8 7,6 8,4 6,5 5,3 3,4 5,5 6,3 4,4 2,3 
3: 2,3 1,1 3,2 1,3 2,1 4,2 6,1 8,2 7,4 8,6 7,8 5,7 3,8 1,7 2,5 3,7 1,8 2,6 1,4 2,2 4,1 6,2 8,1 7,3 8,5 7,7 5,8 4,6 2,7 1,5 3,6 2,8 1,6 2,4 1,2 3,1 5,2 7,1 8,3 7,5 8,7 6,8 7,6 8,8 6,7 4,8 5,6 3,5 4,7 6,6 5,4 3,3 4,5 6,4 7,2 5,1 4,3 5,5 3,4 5,3 6,5 8,4 6,3 4,4 2,3 
4: 2,3 1,1 3,2 1,3 2,1 4,2 6,1 8,2 7,4 8,6 7,8 5,7 3,8 1,7 2,5 3,7 1,8 2,6 1,4 2,2 4,1 6,2 8,1 7,3 8,5 7,7 5,8 4,6 2,7 1,5 3,6 2,8 1,6 2,4 1,2 3,1 5,2 7,1 8,3 7,5 8,7 6,8 7,6 8,8 6,7 4,8 5,6 3,5 4,7 6,6 5,4 3,3 4,5 6,4 7,2 8,4 6,3 5,1 4,3 5,5 3,4 5,3 6,5 4,4 2,3 
5: 2,3 1,1 3,2 1,3 2,1 4,2 6,1 8,2 7,4 8,6 7,8 5,7 3,8 1,7 2,5 3,7 1,8 2,6 1,4 2,2 4,1 6,2 8,1 7,3 8,5 7,7 5,8 4,6 2,7 1,5 3,6 2,8 1,6 2,4 1,2 3,1 5,2 7,1 8,3 7,5 8,7 6,8 7,6 8,8 6,7 4,8 5,6 3,5 4,7 6,6 5,4 3,3 4,5 6,4 7,2 8,4 6,5 5,3 3,4 5,5 4,3 5,1 6,3 4,4 2,3 
6: 2,3 1,1 3,2 1,3 2,1 4,2 6,1 8,2 7,4 8,6 7,8 5,7 3,8 1,7 2,5 3,7 1,8 2,6 1,4 2,2 4,1 6,2 8,1 7,3 8,5 7,7 5,8 4,6 2,7 1,5 3,6 2,8 1,6 2,4 1,2 3,1 5,2 7,1 8,3 7,5 8,7 6,8 7,6 8,8 6,7 4,8 5,6 6,4 7,2 5,1 4,3 3,5 4,7 6,6 5,4 3,3 4,5 5,3 3,4 5,5 6,3 8,4 6,5 4,4 2,3 
7: 2,3 1,1 3,2 1,3 2,1 4,2 6,1 8,2 7,4 8,6 7,8 5,7 3,8 1,7 2,5 3,7 1,8 2,6 1,4 2,2 4,1 6,2 8,1 7,3 8,5 7,7 5,8 4,6 2,7 1,5 3,6 2,8 1,6 2,4 1,2 3,1 5,2 7,1 8,3 7,5 8,7 6,8 7,6 8,8 6,7 4,8 5,6 6,4 7,2 5,1 4,3 5,5 4,7 6,6 5,4 3,3 4,5 5,3 6,5 8,4 6,3 4,4 2,3 3,5 2,3 
8: 2,3 1,1 3,2 1,3 2,1 4,2 6,1 8,2 7,4 8,6 7,8 5,7 3,8 1,7 2,5 3,7 1,8 2,6 1,4 2,2 4,1 6,2 8,1 7,3 8,5 7,7 5,8 4,6 2,7 1,5 3,6 2,8 1,6 2,4 1,2 3,1 5,2 7,1 8,3 7,5 8,7 6,8 7,6 8,8 6,7 4,8 5,6 6,4 7,2 5,1 6,3 8,4 6,5 5,3 3,4 5,5 4,7 6,6 4,5 3,3 5,4 3,5 2,3 4,4 2,3 
9: 2,3 1,1 3,2 1,3 2,1 4,2 6,1 8,2 7,4 8,6 7,8 5,7 3,8 1,7 2,5 3,7 1,8 2,6 1,4 2,2 4,1 6,2 8,1 7,3 8,5 7,7 5,8 4,6 2,7 1,5 3,6 2,8 1,6 2,4 1,2 3,1 5,2 7,1 8,3 7,5 8,7 6,8 7,6 8,8 6,7 4,8 5,6 6,4 7,2 5,1 6,3 8,4 6,5 5,3 4,5 3,3 5,4 6,6 4,7 5,5 4,3 3,5 2,3 4,4 2,3 
10: 2,3 1,1 3,2 1,3 2,1 4,2 6,1 8,2 7,4 8,6 7,8 5,7 3,8 1,7 2,5 3,7 1,8 2,6 1,4 2,2 4,1 6,2 8,1 7,3 8,5 7,7 5,8 4,6 2,7 1,5 3,6 2,8 1,6 2,4 1,2 3,1 5,2 7,1 8,3 7,5 8,7 6,8 7,6 8,8 6,7 4,8 5,6 6,4 7,2 8,4 6,3 5,1 4,3 5,5 4,7 6,6 5,4 3,3 4,5 5,3 6,5 4,4 2,3 3,5 2,3 
11: 2,3 1,1 3,2 1,3 2,1 4,2 6,1 8,2 7,4 8,6 7,8 5,7 3,8 1,7 2,5 3,7 1,8 2,6 1,4 2,2 4,1 6,2 8,1 7,3 8,5 7,7 5,8 4,6 2,7 1,5 3,6 2,8 1,6 2,4 1,2 3,1 5,2 7,1 8,3 7,5 8,7 6,8 7,6 8,8 6,7 4,8 5,6 6,4 7,2 8,4 6,5 5,3 4,5 3,3 5,4 6,6 4,7 5,5 4,3 5,1 6,3 4,4 2,3 3,5 2,3 
12: 2,3 1,1 3,2 1,3 2,1 4,2 6,1 8,2 7,4 8,6 7,8 5,7 3,8 1,7 2,5 3,7 1,8 2,6 1,4 2,2 4,1 6,2 8,1 7,3 8,5 7,7 5,8 4,6 2,7 1,5 3,6 2,8 1,6 2,4 1,2 3,1 5,2 7,1 8,3 7,5 8,7 6,8 7,6 8,8 6,7 4,8 5,6 6,4 7,2 8,4 6,5 5,3 4,5 3,3 5,4 6,6 4,7 5,5 6,3 5,1 4,3 3,5 2,3 4,4 2,3 
13: 2,3 1,1 3,2 1,3 2,1 4,2 6,1 8,2 7,4 8,6 7,8 5,7 3,8 1,7 2,5 3,7 1,8 2,6 1,4 2,2 4,1 6,2 8,1 7,3 8,5 7,7 5,8 4,6 2,7 1,5 3,4 5,5 6,7 8,8 7,6 6,8 8,7 7,5 8,3 7,1 5,2 3,1 1,2 2,4 1,6 2,8 4,7 6,6 5,4 3,3 4,5 5,3 7,2 8,4 6,3 5,1 4,3 6,4 5,6 4,8 3,6 4,4 2,3 3,5 2,3 
14: 2,3 1,1 3,2 1,3 2,1 4,2 6,1 8,2 7,4 8,6 7,8 5,7 3,8 1,7 2,5 3,7 1,8 2,6 1,4 2,2 4,1 6,2 8,1 7,3 8,5 7,7 5,8 4,6 2,7 1,5 3,4 5,5 7,6 8,8 6,7 4,8 3,6 2,8 1,6 2,4 1,2 3,1 2,3 3,5 4,7 6,8 8,7 7,5 8,3 7,1 5,2 3,3 5,4 6,6 4,5 5,3 7,2 8,4 6,3 5,1 4,3 6,4 5,6 4,4 2,3 
15: 2,3 1,1 3,2 1,3 2,1 4,2 6,1 8,2 7,4 8,6 7,8 5,7 3,8 1,7 2,5 3,7 1,8 2,6 1,4 2,2 4,1 6,2 8,1 7,3 8,5 7,7 5,8 4,6 2,7 1,5 3,4 5,5 7,6 8,8 6,7 4,8 3,6 2,8 1,6 2,4 1,2 3,1 2,3 4,4 5,2 7,1 8,3 7,5 8,7 6,8 4,7 6,6 5,4 3,3 4,5 5,3 7,2 8,4 6,3 5,1 4,3 6,4 5,6 3,5 2,3 
16: 2,3 1,1 3,2 1,3 2,1 4,2 6,1 8,2 7,4 8,6 7,8 5,7 3,8 1,7 2,5 3,7 1,8 2,6 1,4 2,2 4,1 6,2 8,1 7,3 8,5 7,7 5,8 4,6 2,7 1,5 3,4 5,5 7,6 8,8 6,7 4,8 3,6 2,8 1,6 2,4 1,2 3,1 5,2 7,1 8,3 7,5 8,7 6,8 4,7 6,6 5,4 3,3 4,5 5,3 7,2 8,4 6,3 5,1 4,3 6,4 5,6 4,4 2,3 3,5 2,3 
17: 2,3 1,1 3,2 1,3 2,1 4,2 6,1 8,2 7,4 8,6 7,8 5,7 3,8 1,7 2,5 3,7 1,8 2,6 1,4 2,2 4,1 6,2 8,1 7,3 8,5 7,7 5,8 4,6 2,7 1,5 3,4 5,5 7,6 8,8 6,7 4,8 3,6 2,8 1,6 2,4 1,2 3,1 5,2 7,1 8,3 7,5 8,7 6,8 4,7 6,6 5,4 3,3 4,5 5,3 7,2 8,4 6,3 5,1 4,3 6,4 5,6 3,5 2,3 4,4 2,3 
18: 2,3 1,1 3,2 1,3 2,1 4,2 6,1 8,2 7,4 8,6 7,8 5,7 3,8 1,7 2,5 3,7 1,8 2,6 1,4 2,2 4,1 6,2 8,1 7,3 8,5 7,7 5,8 4,6 2,7 1,5 3,4 5,3 7,2 5,1 4,3 3,1 1,2 2,4 1,6 2,8 4,7 6,8 8,7 7,5 8,3 7,1 5,2 3,3 5,4 6,6 4,5 6,4 7,6 8,8 6,7 4,8 3,6 5,5 6,3 8,4 6,5 4,4 2,3 3,5 2,3 
19: 2,3 1,1 3,2 1,3 2,1 4,2 6,1 8,2 7,4 8,6 7,8 5,7 3,8 1,7 2,5 3,7 1,8 2,6 1,4 2,2 4,1 6,2 8,1 7,3 8,5 7,7 5,8 4,6 2,7 1,5 3,4 5,3 7,2 8,4 7,6 8,8 6,7 4,8 5,6 6,8 8,7 7,5 8,3 7,1 5,2 3,1 1,2 2,4 1,6 2,8 4,7 6,6 5,4 3,3 4,5 6,4 4,3 5,1 6,3 5,5 3,6 4,4 2,3 3,5 2,3 
20: 2,3 1,1 3,2 1,3 2,1 4,2 6,1 8,2 7,4 8,6 7,8 5,7 3,8 1,7 2,5 3,7 1,8 2,6 1,4 2,2 4,1 6,2 8,1 7,3 8,5 7,7 5,8 4,6 2,7 4,8 6,7 8,8 7,6 6,8 8,7 7,5 8,3 7,1 5,2 3,1 1,2 2,4 1,6 2,8 4,7 6,6 5,4 3,3 4,5 6,4 7,2 5,1 4,3 3,5 2,3 1,5 3,6 5,5 3,4 5,3 6,5 8,4 6,3 4,4 2,3 
21: 2,3 1,1 3,2 1,3 2,1 4,2 6,1 8,2 7,4 8,6 7,8 5,7 3,8 1,7 2,5 3,7 1,8 2,6 1,4 2,2 4,1 6,2 8,1 7,3 8,5 7,7 5,8 4,6 2,7 4,8 6,7 8,8 7,6 6,8 8,7 7,5 8,3 7,1 5,2 3,1 1,2 2,4 1,6 2,8 4,7 6,6 5,4 3,3 4,5 6,4 7,2 5,1 4,3 3,5 2,3 1,5 3,4 5,3 6,5 8,4 6,3 5,5 3,6 4,4 2,3 
22: 2,3 1,1 3,2 1,3 2,1 4,2 6,1 8,2 7,4 8,6 7,8 5,7 3,8 1,7 2,5 3,7 1,8 2,6 1,4 2,2 4,1 6,2 8,1 7,3 8,5 7,7 5,8 4,6 2,7 4,8 6,7 8,8 7,6 6,8 8,7 7,5 8,3 7,1 5,2 3,1 1,2 2,4 1,6 2,8 4,7 6,6 5,4 3,3 4,5 6,4 7,2 5,1 4,3 5,5 6,3 8,4 6,5 5,3 3,4 1,5 2,3 3,5 5,6 4,4 2,3 
23: 2,3 1,1 3,2 1,3 2,1 4,2 6,1 8,2 7,4 8,6 7,8 5,7 3,8 1,7 2,5 3,7 1,8 2,6 1,4 2,2 4,1 6,2 8,1 7,3 8,5 7,7 5,8 4,6 2,7 4,8 6,7 8,8 7,6 6,8 8,7 7,5 8,3 7,1 5,2 3,1 1,2 2,4 1,6 2,8 4,7 6,6 5,4 3,3 4,5 6,4 7,2 5,1 4,3 5,5 6,3 8,4 6,5 5,3 3,4 1,5 2,3 4,4 2,3 3,5 2,3 
24: 2,3 1,1 3,2 1,3 2,1 4,2 6,1 8,2 7,4 8,6 7,8 5,7 3,8 1,7 2,5 3,7 1,8 2,6 1,4 2,2 4,1 6,2 8,1 7,3 8,5 7,7 5,8 4,6 2,7 4,8 6,7 8,8 7,6 6,8 8,7 7,5 8,3 7,1 5,2 3,1 1,2 2,4 1,6 2,8 4,7 6,6 5,4 3,3 4,5 6,4 7,2 5,1 6,3 8,4 6,5 5,3 3,4 1,5 2,3 3,5 4,3 5,5 3,6 4,4 2,3 
25: 2,3 1,1 3,2 1,3 2,1 4,2 6,1 8,2 7,4 8,6 7,8 5,7 3,8 1,7 2,5 3,7 1,8 2,6 1,4 2,2 4,1 6,2 8,1 7,3 8,5 7,7 5,8 4,6 2,7 4,8 6,7 8,8 7,6 6,8 8,7 7,5 8,3 7,1 5,2 3,1 1,2 2,4 1,6 2,8 4,7 6,6 5,4 3,3 4,5 6,4 7,2 8,4 6,3 5,1 4,3 3,5 2,3 1,5 3,6 5,5 3,4 5,3 6,5 4,4 2,3 
26: 2,3 1,1 3,2 1,3 2,1 4,2 6,1 8,2 7,4 8,6 7,8 5,7 3,8 1,7 2,5 3,7 1,8 2,6 1,4 2,2 4,1 6,2 8,1 7,3 8,5 7,7 5,8 4,6 2,7 4,8 6,7 8,8 7,6 6,8 8,7 7,5 8,3 7,1 5,2 3,1 1,2 2,4 1,6 2,8 4,7 6,6 5,4 3,3 4,5 6,4 7,2 8,4 6,5 5,3 3,4 1,5 2,3 3,5 4,3 5,1 6,3 5,5 3,6 4,4 2,3 
27: 2,3 1,1 3,2 1,3 2,1 4,2 6,1 8,2 7,4 8,6 7,8 5,7 3,8 1,7 2,5 3,7 1,8 2,6 1,4 2,2 4,1 6,2 8,1 7,3 8,5 7,7 5,8 4,6 2,7 4,8 6,7 8,8 7,6 6,8 8,7 7,5 8,3 7,1 5,2 3,1 1,2 2,4 1,6 2,8 4,7 6,6 5,4 3,3 4,5 5,3 7,2 5,1 4,3 6,4 5,6 3,5 2,3 1,5 3,6 5,5 6,3 8,4 6,5 4,4 2,3 
28: 2,3 1,1 3,2 1,3 2,1 4,2 6,1 8,2 7,4 8,6 7,8 5,7 3,8 1,7 2,5 3,7 1,8 2,6 1,4 2,2 4,1 6,2 8,1 7,3 8,5 7,7 5,8 4,6 2,7 4,8 6,7 8,8 7,6 6,8 8,7 7,5 8,3 7,1 5,2 3,1 1,2 2,4 1,6 2,8 4,7 6,6 5,4 3,3 4,5 5,3 7,2 5,1 4,3 6,4 5,6 3,5 2,3 1,5 3,4 5,5 6,3 8,4 6,5 4,4 2,3 
29: 2,3 1,1 3,2 1,3 2,1 4,2 6,1 8,2 7,4 8,6 7,8 5,7 3,8 1,7 2,5 3,7 1,8 2,6 1,4 2,2 4,1 6,2 8,1 7,3 8,5 7,7 5,8 4,6 2,7 4,8 6,7 8,8 7,6 6,8 8,7 7,5 8,3 7,1 5,2 3,1 1,2 2,4 1,6 2,8 4,7 6,6 5,4 3,3 4,5 5,3 7,2 5,1 6,3 8,4 6,5 4,4 2,3 1,5 3,6 5,5 4,3 6,4 5,6 3,5 2,3 
30: 2,3 1,1 3,2 1,3 2,1 4,2 6,1 8,2 7,4 8,6 7,8 5,7 3,8 1,7 2,5 3,7 1,8 2,6 1,4 2,2 4,1 6,2 8,1 7,3 8,5 7,7 5,8 4,6 2,7 4,8 6,7 8,8 7,6 6,8 8,7 7,5 8,3 7,1 5,2 3,1 1,2 2,4 1,6 2,8 4,7 6,6 5,4 3,3 4,5 5,3 7,2 5,1 6,3 8,4 6,5 4,4 2,3 1,5 3,4 5,5 4,3 6,4 5,6 3,5 2,3 
31: 2,3 1,1 3,2 1,3 2,1 4,2 6,1 8,2 7,4 8,6 7,8 5,7 3,8 1,7 2,5 3,7 1,8 2,6 1,4 2,2 4,1 6,2 8,1 7,3 8,5 7,7 5,8 4,6 2,7 4,8 6,7 8,8 7,6 6,8 8,7 7,5 8,3 7,1 5,2 3,1 1,2 2,4 1,6 2,8 4,7 6,6 5,4 3,3 4,5 5,3 7,2 8,4 6,3 5,1 4,3 6,4 5,6 3,5 2,3 1,5 3,4 5,5 3,6 4,4 2,3 
32: 2,3 1,1 3,2 1,3 2,1 4,2 6,1 8,2 7,4 8,6 7,8 5,7 3,8 1,7 2,5 3,7 1,8 2,6 1,4 2,2 4,1 6,2 8,1 7,3 8,5 7,7 5,8 4,6 2,7 4,8 6,7 8,8 7,6 6,8 8,7 7,5 8,3 7,1 5,2 3,1 1,2 2,4 1,6 2,8 4,7 6,6 5,4 3,3 4,5 5,3 7,2 8,4 6,5 4,4 2,3 1,5 3,6 5,5 6,3 5,1 4,3 6,4 5,6 3,5 2,3 
33: 2,3 1,1 3,2 1,3 2,1 4,2 6,1 8,2 7,4 8,6 7,8 5,7 3,8 1,7 2,5 3,7 1,8 2,6 1,4 2,2 4,1 6,2 8,1 7,3 8,5 7,7 5,8 4,6 2,7 4,8 6,7 8,8 7,6 6,8 8,7 7,5 8,3 7,1 5,2 3,1 1,2 2,4 1,6 2,8 4,7 6,6 5,4 3,3 4,5 5,3 7,2 8,4 6,5 4,4 2,3 1,5 3,4 5,5 6,3 5,1 4,3 6,4 5,6 3,5 2,3 
34: 2,3 1,1 3,2 1,3 2,1 4,2 6,1 8,2 7,4 8,6 7,8 5,7 3,8 1,7 2,5 3,7 1,8 2,6 1,4 2,2 4,1 6,2 8,1 7,3 8,5 7,7 5,8 4,6 2,7 4,8 6,7 8,8 7,6 6,8 8,7 7,5 8,3 7,1 5,2 3,1 1,2 2,4 1,6 2,8 4,7 6,6 4,5 3,3 5,4 3,5 2,3 1,5 3,6 5,5 3,4 5,3 7,2 8,4 6,3 5,1 4,3 6,4 5,6 4,4 2,3 
35: 2,3 1,1 3,2 1,3 2,1 4,2 6,1 8,2 7,4 8,6 7,8 5,7 3,8 1,7 2,5 3,7 1,8 2,6 1,4 2,2 4,1 6,2 8,1 7,3 8,5 7,7 5,8 4,6 2,7 4,8 6,7 8,8 7,6 8,4 7,2 5,1 4,3 3,1 1,2 2,4 1,6 2,8 4,7 6,8 8,7 7,5 8,3 7,1 5,2 3,3 5,4 6,6 4,5 6,4 5,6 3,5 2,3 1,5 3,6 5,5 3,4 5,3 6,5 4,4 2,3 
36: 2,3 1,1 3,2 1,3 2,1 4,2 6,1 8,2 7,4 8,6 7,8 5,7 3,8 1,7 2,5 3,7 1,8 2,6 1,4 2,2 4,1 6,2 8,1 7,3 8,5 7,7 5,8 4,6 2,7 4,8 6,7 8,8 7,6 8,4 7,2 5,1 6,3 7,1 8,3 7,5 8,7 6,8 4,7 2,8 1,6 2,4 1,2 3,1 2,3 1,5 3,6 5,5 4,3 3,5 5,6 6,4 5,2 3,3 5,4 6,6 4,5 5,3 6,5 4,4 2,3 
37: 2,3 1,1 3,2 1,3 2,1 4,2 6,1 8,2 7,4 8,6 7,8 5,7 3,8 1,7 2,5 3,7 1,8 2,6 1,4 2,2 4,1 6,2 8,1 7,3 8,5 7,7 5,8 4,6 2,7 4,8 6,7 8,8 7,6 8,4 7,2 5,1 6,3 7,1 8,3 7,5 8,7 6,8 4,7 2,8 1,6 2,4 1,2 3,1 2,3 1,5 3,6 5,5 4,3 6,4 5,2 3,3 5,4 6,6 4,5 5,3 6,5 4,4 2,3 3,5 2,3 
38: 2,3 1,1 3,2 1,3 2,1 4,2 6,1 8,2 7,4 8,6 7,8 5,7 3,8 1,7 2,5 3,7 1,8 2,6 1,4 2,2 4,1 6,2 8,1 7,3 8,5 7,7 5,8 4,6 2,7 4,8 6,7 8,8 7,6 8,4 7,2 5,1 6,3 7,1 8,3 7,5 8,7 6,8 4,7 2,8 1,6 2,4 1,2 3,1 2,3 1,5 3,6 5,5 3,4 5,3 4,5 6,6 5,4 3,3 5,2 6,4 4,3 3,5 2,3 4,4 2,3 
39: 2,3 1,1 3,2 1,3 2,1 4,2 6,1 8,2 7,4 8,6 7,8 5,7 3,8 1,7 2,5 3,7 1,8 2,6 1,4 2,2 4,1 6,2 8,1 7,3 8,5 7,7 5,8 4,6 2,7 4,8 6,7 8,8 7,6 8,4 7,2 5,1 6,3 7,1 8,3 7,5 8,7 6,8 4,7 2,8 1,6 2,4 1,2 3,1 2,3 1,5 3,6 5,5 3,4 5,3 4,5 6,6 5,4 3,3 5,2 6,4 5,6 4,4 2,3 3,5 2,3 
40: 2,3 1,1 3,2 1,3 2,1 4,2 6,1 8,2 7,4 8,6 7,8 5,7 3,8 1,7 2,5 3,7 1,8 2,6 1,4 2,2 4,1 6,2 8,1 7,3 8,5 7,7 5,8 4,6 2,7 4,8 6,7 8,8 7,6 8,4 7,2 5,1 6,3 7,1 8,3 7,5 8,7 6,8 4,7 2,8 1,6 2,4 1,2 3,1 2,3 1,5 3,6 5,5 3,4 5,3 4,5 6,6 5,4 3,3 5,2 6,4 5,6 3,5 2,3 4,4 2,3 
41: 2,3 1,1 3,2 1,3 2,1 4,2 6,1 8,2 7,4 8,6 7,8 5,7 3,8 1,7 2,5 3,7 1,8 2,6 1,4 2,2 4,1 6,2 8,1 7,3 8,5 7,7 5,8 4,6 2,7 4,8 6,7 8,8 7,6 8,4 7,2 5,1 6,3 7,1 8,3 7,5 8,7 6,8 4,7 2,8 1,6 2,4 1,2 3,1 2,3 1,5 3,6 5,5 3,4 5,3 6,5 4,4 5,2 3,3 5,4 6,6 4,5 6,4 4,3 3,5 2,3 
42: 2,3 1,1 3,2 1,3 2,1 4,2 6,1 8,2 7,4 8,6 7,8 5,7 3,8 1,7 2,5 3,7 1,8 2,6 1,4 2,2 4,1 6,2 8,1 7,3 8,5 7,7 5,8 4,6 2,7 4,8 6,7 8,8 7,6 8,4 7,2 5,1 6,3 7,1 8,3 7,5 8,7 6,8 4,7 2,8 1,6 2,4 1,2 3,1 2,3 1,5 3,6 5,5 3,4 5,3 6,5 4,4 5,2 3,3 5,4 6,6 4,5 6,4 5,6 3,5 2,3 
43: 2,3 1,1 3,2 1,3 2,1 4,2 6,1 8,2 7,4 8,6 7,8 5,7 3,8 1,7 2,5 3,7 1,8 2,6 1,4 2,2 4,1 6,2 8,1 7,3 8,5 7,7 5,8 4,6 2,7 4,8 6,7 8,8 7,6 8,4 7,2 5,1 6,3 7,1 8,3 7,5 8,7 6,8 4,7 2,8 1,6 2,4 1,2 3,1 2,3 1,5 3,6 4,4 5,2 3,3 5,4 6,6 4,5 5,3 3,4 5,5 4,3 6,4 5,6 3,5 2,3 
44: 2,3 1,1 3,2 1,3 2,1 4,2 6,1 8,2 7,4 8,6 7,8 5,7 3,8 1,7 2,5 3,7 1,8 2,6 1,4 2,2 4,1 6,2 8,1 7,3 8,5 7,7 5,8 4,6 2,7 4,8 6,7 8,8 7,6 8,4 7,2 5,1 6,3 7,1 8,3 7,5 8,7 6,8 4,7 2,8 1,6 2,4 1,2 3,1 2,3 1,5 3,4 5,5 4,3 6,4 5,2 3,3 5,4 6,6 4,5 5,3 6,5 4,4 2,3 3,5 2,3 
45: 2,3 1,1 3,2 1,3 2,1 4,2 6,1 8,2 7,4 8,6 7,8 5,7 3,8 1,7 2,5 3,7 1,8 2,6 1,4 2,2 4,1 6,2 8,1 7,3 8,5 7,7 5,8 4,6 2,7 4,8 6,7 8,8 7,6 8,4 7,2 5,1 6,3 7,1 8,3 7,5 8,7 6,8 4,7 2,8 1,6 2,4 1,2 3,1 2,3 1,5 3,4 5,3 4,5 6,6 5,4 3,3 5,2 6,4 4,3 5,5 3,6 4,4 2,3 3,5 2,3 
46: 2,3 1,1 3,2 1,3 2,1 4,2 6,1 8,2 7,4 8,6 7,8 5,7 3,8 1,7 2,5 3,7 1,8 2,6 1,4 2,2 4,1 6,2 8,1 7,3 8,5 7,7 5,8 4,6 2,7 4,8 6,7 8,8 7,6 8,4 7,2 5,1 6,3 7,1 8,3 7,5 8,7 6,8 4,7 2,8 1,6 2,4 1,2 3,1 5,2 3,3 5,4 6,6 4,5 6,4 4,3 3,5 2,3 1,5 3,6 5,5 3,4 5,3 6,5 4,4 2,3 
47: 2,3 1,1 3,2 1,3 2,1 4,2 6,1 8,2 7,4 8,6 7,8 5,7 3,8 1,7 2,5 3,7 1,8 2,6 1,4 2,2 4,1 6,2 8,1 7,3 8,5 7,7 5,8 4,6 2,7 4,8 6,7 8,8 7,6 8,4 7,2 5,1 6,3 7,1 8,3 7,5 8,7 6,8 4,7 2,8 1,6 2,4 1,2 3,1 5,2 3,3 5,4 6,6 4,5 6,4 5,6 3,5 2,3 1,5 3,6 5,5 3,4 5,3 6,5 4,4 2,3 
48: 2,3 1,1 3,2 1,3 2,1 4,2 6,1 8,2 7,4 8,6 7,8 5,7 3,8 1,7 2,5 3,7 1,8 2,6 1,4 2,2 4,1 6,2 8,1 7,3 8,5 7,7 5,8 4,6 2,7 4,8 6,7 8,8 7,6 8,4 7,2 5,1 6,3 7,1 8,3 7,5 8,7 6,8 4,7 2,8 1,6 2,4 1,2 3,1 5,2 3,3 5,4 6,6 4,5 5,3 3,4 1,5 2,3 3,5 5,6 6,4 4,3 5,5 3,6 4,4 2,3 
49: 2,3 1,1 3,2 1,3 2,1 4,2 6,1 8,2 7,4 8,6 7,8 5,7 3,8 1,7 2,5 3,7 1,8 2,6 1,4 2,2 4,1 6,2 8,1 7,3 8,5 7,7 5,8 4,6 2,7 4,8 6,7 8,8 7,6 8,4 7,2 5,1 6,3 7,1 8,3 7,5 8,7 6,8 4,7 2,8 1,6 2,4 1,2 3,1 5,2 3,3 5,4 6,6 4,5 5,3 6,5 4,4 2,3 1,5 3,6 5,5 4,3 6,4 5,6 3,5 2,3 
50: 2,3 1,1 3,2 1,3 2,1 4,2 6,1 8,2 7,4 8,6 7,8 5,7 3,8 1,7 2,5 3,7 1,8 2,6 1,4 2,2 4,1 6,2 8,1 7,3 8,5 7,7 5,8 4,6 2,7 4,8 6,7 8,8 7,6 8,4 7,2 5,1 6,3 7,1 8,3 7,5 8,7 6,8 4,7 2,8 1,6 2,4 1,2 3,1 5,2 3,3 5,4 6,6 4,5 5,3 6,5 4,4 2,3 1,5 3,4 5,5 4,3 6,4 5,6 3,5 2,3 
51: 2,3 1,1 3,2 1,3 2,1 4,2 6,1 8,2 7,4 8,6 7,8 5,7 3,8 1,7 2,5 3,7 1,8 2,6 1,4 2,2 4,1 6,2 8,1 7,3 8,5 7,7 5,8 6,6 8,7 6,8 4,7 2,8 1,6 2,4 1,2 3,1 2,3 1,5 2,7 4,8 6,7 8,8 7,6 8,4 7,2 5,1 4,3 3,5 5,6 7,5 8,3 7,1 5,2 6,4 4,5 3,3 5,4 4,6 6,5 5,3 3,4 5,5 3,6 4,4 2,3 
52: 2,3 1,1 3,2 1,3 2,1 4,2 6,1 8,2 7,4 8,6 7,8 5,7 3,8 1,7 2,5 3,7 1,8 2,6 1,4 2,2 4,1 6,2 8,1 7,3 8,5 7,7 5,8 6,6 8,7 6,8 4,7 2,8 1,6 2,4 1,2 3,1 2,3 1,5 2,7 4,8 6,7 8,8 7,6 8,4 7,2 5,1 4,3 3,5 5,6 7,5 8,3 7,1 5,2 6,4 4,5 3,3 5,4 4,6 6,5 5,3 3,4 5,5 6,3 4,4 2,3 
53: 2,3 1,1 3,2 1,3 2,1 4,2 6,1 8,2 7,4 8,6 7,8 5,7 3,8 1,7 2,5 3,7 1,8 2,6 1,4 2,2 4,1 6,2 8,1 7,3 8,5 7,7 5,8 6,6 8,7 6,8 4,7 2,8 1,6 2,4 1,2 3,1 2,3 1,5 2,7 4,8 6,7 8,8 7,6 8,4 7,2 5,1 4,3 5,5 3,4 4,6 6,5 5,3 4,5 6,4 8,3 7,1 5,2 3,3 5,4 7,5 6,3 4,4 2,3 3,5 2,3 
54: 2,3 1,1 3,2 1,3 2,1 4,2 6,1 8,2 7,4 8,6 7,8 5,7 3,8 1,7 2,5 3,7 1,8 2,6 1,4 2,2 4,1 6,2 8,1 7,3 8,5 7,7 5,8 6,6 8,7 6,8 4,7 2,8 1,6 2,4 1,2 3,1 2,3 1,5 2,7 4,8 6,7 8,8 7,6 8,4 7,2 5,1 4,3 5,5 3,4 4,6 6,5 5,3 4,5 6,4 8,3 7,1 5,2 3,3 5,4 7,5 5,6 4,4 2,3 3,5 2,3 
55: 2,3 1,1 3,2 1,3 2,1 4,2 6,1 8,2 7,4 8,6 7,8 5,7 3,8 1,7 2,5 3,7 1,8 2,6 1,4 2,2 4,1 6,2 8,1 7,3 8,5 7,7 5,8 6,6 8,7 6,8 4,7 2,8 1,6 2,4 1,2 3,1 2,3 1,5 2,7 4,8 6,7 8,8 7,6 8,4 7,2 5,1 4,3 5,5 3,4 4,6 6,5 5,3 4,5 6,4 8,3 7,1 5,2 3,3 5,4 7,5 5,6 3,5 2,3 4,4 2,3 
56: 2,3 1,1 3,2 1,3 2,1 4,2 6,1 8,2 7,4 8,6 7,8 5,7 3,8 1,7 2,5 3,7 1,8 2,6 1,4 2,2 4,1 6,2 8,1 7,3 8,5 7,7 5,8 6,6 8,7 6,8 4,7 2,8 1,6 2,4 1,2 3,1 2,3 1,5 2,7 4,8 6,7 8,8 7,6 8,4 7,2 5,1 4,3 5,5 3,4 5,3 6,5 4,6 5,4 7,5 8,3 7,1 5,2 3,3 4,5 6,4 5,6 4,4 2,3 3,5 2,3 
57: 2,3 1,1 3,2 1,3 2,1 4,2 6,1 8,2 7,4 8,6 7,8 5,7 3,8 1,7 2,5 3,7 1,8 2,6 1,4 2,2 4,1 6,2 8,1 7,3 8,5 7,7 5,8 6,6 8,7 6,8 4,7 2,8 1,6 2,4 1,2 3,1 2,3 1,5 2,7 4,8 6,7 8,8 7,6 8,4 7,2 5,1 4,3 5,5 3,4 5,3 6,5 4,6 5,4 7,5 8,3 7,1 5,2 3,3 4,5 6,4 5,6 3,5 2,3 4,4 2,3 
58: 2,3 1,1 3,2 1,3 2,1 4,2 6,1 8,2 7,4 8,6 7,8 5,7 3,8 1,7 2,5 3,7 1,8 2,6 1,4 2,2 4,1 6,2 8,1 7,3 8,5 7,7 5,8 6,6 8,7 6,8 4,7 2,8 1,6 2,4 1,2 3,1 2,3 1,5 2,7 4,8 6,7 8,8 7,6 8,4 7,2 5,1 4,3 5,5 6,3 7,1 8,3 7,5 5,4 3,3 5,2 6,4 4,5 5,3 3,4 4,6 6,5 4,4 2,3 3,5 2,3 
59: 2,3 1,1 3,2 1,3 2,1 4,2 6,1 8,2 7,4 8,6 7,8 5,7 3,8 1,7 2,5 3,7 1,8 2,6 1,4 2,2 4,1 6,2 8,1 7,3 8,5 7,7 5,8 6,6 8,7 6,8 4,7 2,8 1,6 2,4 1,2 3,1 2,3 1,5 2,7 4,8 6,7 8,8 7,6 8,4 7,2 5,1 4,3 5,5 6,3 7,1 8,3 7,5 5,4 4,6 3,4 5,3 4,5 3,3 5,2 6,4 5,6 4,4 2,3 3,5 2,3 
60: 2,3 1,1 3,2 1,3 2,1 4,2 6,1 8,2 7,4 8,6 7,8 5,7 3,8 1,7 2,5 3,7 1,8 2,6 1,4 2,2 4,1 6,2 8,1 7,3 8,5 7,7 5,8 6,6 8,7 6,8 4,7 2,8 1,6 2,4 1,2 3,1 2,3 1,5 2,7 4,8 6,7 8,8 7,6 8,4 7,2 5,1 4,3 5,5 6,3 7,1 8,3 7,5 5,4 4,6 3,4 5,3 4,5 3,3 5,2 6,4 5,6 3,5 2,3 4,4 2,3 
61: 2,3 1,1 3,2 1,3 2,1 4,2 6,1 8,2 7,4 8,6 7,8 5,7 3,8 1,7 2,5 3,7 1,8 2,6 1,4 2,2 4,1 6,2 8,1 7,3 8,5 7,7 5,8 6,6 8,7 6,8 4,7 2,8 1,6 2,4 1,2 3,1 2,3 1,5 2,7 4,8 6,7 8,8 7,6 8,4 7,2 5,1 4,3 5,5 6,3 7,1 8,3 7,5 5,4 4,6 3,4 5,3 6,5 4,4 5,2 3,3 4,5 6,4 5,6 3,5 2,3 
62: 2,3 1,1 3,2 1,3 2,1 4,2 6,1 8,2 7,4 8,6 7,8 5,7 3,8 1,7 2,5 3,7 1,8 2,6 1,4 2,2 4,1 6,2 8,1 7,3 8,5 7,7 5,8 6,6 8,7 6,8 4,7 2,8 1,6 2,4 1,2 3,1 2,3 1,5 2,7 4,8 6,7 8,8 7,6 8,4 7,2 5,1 4,3 5,5 6,3 7,1 8,3 7,5 5,4 4,6 6,5 5,3 4,5 3,3 5,2 6,4 5,6 4,4 2,3 3,5 2,3 
63: 2,3 1,1 3,2 1,3 2,1 4,2 6,1 8,2 7,4 8,6 7,8 5,7 3,8 1,7 2,5 3,7 1,8 2,6 1,4 2,2 4,1 6,2 8,1 7,3 8,5 7,7 5,8 6,6 8,7 6,8 4,7 2,8 1,6 2,4 1,2 3,1 2,3 1,5 2,7 4,8 6,7 8,8 7,6 8,4 7,2 5,1 4,3 5,5 6,3 7,1 8,3 7,5 5,4 4,6 6,5 5,3 4,5 3,3 5,2 6,4 5,6 3,5 2,3 4,4 2,3 
64: 2,3 1,1 3,2 1,3 2,1 4,2 6,1 8,2 7,4 8,6 7,8 5,7 3,8 1,7 2,5 3,7 1,8 2,6 1,4 2,2 4,1 6,2 8,1 7,3 8,5 7,7 5,8 6,6 8,7 6,8 4,7 2,8 1,6 2,4 1,2 3,1 2,3 1,5 2,7 4,8 6,7 8,8 7,6 8,4 7,2 5,1 4,3 5,5 6,3 7,1 8,3 7,5 5,6 6,4 5,2 3,3 4,5 5,3 3,4 4,6 6,5 4,4 2,3 3,5 2,3 
65: 2,3 1,1 3,2 1,3 2,1 4,2 6,1 8,2 7,4 8,6 7,8 5,7 3,8 1,7 2,5 3,7 1,8 2,6 1,4 2,2 4,1 6,2 8,1 7,3 8,5 7,7 5,8 6,6 8,7 6,8 4,7 2,8 1,6 2,4 1,2 3,1 2,3 1,5 2,7 4,8 6,7 8,8 7,6 8,4 7,2 5,1 4,3 5,5 6,3 7,1 8,3 7,5 5,6 6,4 5,2 3,3 4,5 5,3 3,4 4,6 5,4 3,5 2,3 4,4 2,3 
66: 2,3 1,1 3,2 1,3 2,1 4,2 6,1 8,2 7,4 8,6 7,8 5,7 3,8 1,7 2,5 3,7 1,8 2,6 1,4 2,2 4,1 6,2 8,1 7,3 8,5 7,7 5,8 6,6 8,7 6,8 4,7 2,8 1,6 2,4 1,2 3,1 2,3 1,5 2,7 4,8 6,7 8,8 7,6 8,4 7,2 5,1 4,3 5,5 6,3 7,1 8,3 7,5 5,6 6,4 5,2 3,3 4,5 5,3 6,5 4,6 5,4 3,5 2,3 4,4 2,3 
67: 2,3 1,1 3,2 1,3 2,1 4,2 6,1 8,2 7,4 8,6 7,8 5,7 3,8 1,7 2,5 3,7 1,8 2,6 1,4 2,2 4,1 6,2 8,1 7,3 8,5 7,7 5,8 6,6 8,7 6,8 4,7 2,8 1,6 2,4 1,2 3,1 2,3 1,5 2,7 4,8 6,7 8,8 7,6 8,4 7,2 5,1 4,3 5,5 6,3 7,1 8,3 7,5 5,6 6,4 5,2 3,3 5,4 4,6 3,4 5,3 6,5 4,4 2,3 3,5 2,3 
68: 2,3 1,1 3,2 1,3 2,1 4,2 6,1 8,2 7,4 8,6 7,8 5,7 3,8 1,7 2,5 3,7 1,8 2,6 1,4 2,2 4,1 6,2 8,1 7,3 8,5 7,7 5,8 6,6 8,7 6,8 4,7 2,8 1,6 2,4 1,2 3,1 2,3 1,5 2,7 4,8 6,7 8,8 7,6 8,4 7,2 5,1 4,3 6,4 8,3 7,1 5,2 3,3 4,5 5,3 3,4 4,6 5,4 7,5 6,3 5,5 3,6 4,4 2,3 3,5 2,3 
69: 2,3 1,1 3,2 1,3 2,1 4,2 6,1 8,2 7,4 8,6 7,8 5,7 3,8 1,7 2,5 3,7 1,8 2,6 1,4 2,2 4,1 6,2 8,1 7,3 8,5 7,7 5,8 6,6 8,7 6,8 4,7 2,8 1,6 2,4 1,2 3,1 2,3 1,5 2,7 4,8 6,7 8,8 7,6 8,4 7,2 5,1 4,3 6,4 8,3 7,1 5,2 3,3 4,5 5,3 3,4 5,5 6,3 7,5 5,4 4,6 6,5 4,4 2,3 3,5 2,3 
70: 2,3 1,1 3,2 1,3 2,1 4,2 6,1 8,2 7,4 8,6 7,8 5,7 3,8 1,7 2,5 3,7 1,8 2,6 1,4 2,2 4,1 6,2 8,1 7,3 8,5 7,7 5,8 6,6 8,7 6,8 4,7 2,8 1,6 2,4 1,2 3,1 2,3 1,5 2,7 4,8 6,7 8,8 7,6 8,4 7,2 5,1 4,3 6,4 8,3 7,1 5,2 3,3 4,5 5,3 6,5 4,6 3,4 5,5 6,3 7,5 5,4 3,5 2,3 4,4 2,3 
71: 2,3 1,1 3,2 1,3 2,1 4,2 6,1 8,2 7,4 8,6 7,8 5,7 3,8 1,7 2,5 3,7 1,8 2,6 1,4 2,2 4,1 6,2 8,1 7,3 8,5 7,7 5,8 6,6 8,7 6,8 4,7 2,8 1,6 2,4 1,2 3,1 2,3 1,5 2,7 4,8 6,7 8,8 7,6 8,4 7,2 5,1 4,3 6,4 8,3 7,1 5,2 3,3 4,5 5,3 6,5 4,6 3,4 5,5 6,3 7,5 5,6 4,4 2,3 3,5 2,3 
72: 2,3 1,1 3,2 1,3 2,1 4,2 6,1 8,2 7,4 8,6 7,8 5,7 3,8 1,7 2,5 3,7 1,8 2,6 1,4 2,2 4,1 6,2 8,1 7,3 8,5 7,7 5,8 6,6 8,7 6,8 4,7 2,8 1,6 2,4 1,2 3,1 2,3 1,5 2,7 4,8 6,7 8,8 7,6 8,4 7,2 5,1 4,3 6,4 8,3 7,1 5,2 3,3 4,5 5,3 6,5 4,6 3,4 5,5 6,3 7,5 5,6 3,5 2,3 4,4 2,3 
73: 2,3 1,1 3,2 1,3 2,1 4,2 6,1 8,2 7,4 8,6 7,8 5,7 3,8 1,7 2,5 3,7 1,8 2,6 1,4 2,2 4,1 6,2 8,1 7,3 8,5 7,7 5,8 6,6 8,7 6,8 4,7 2,8 1,6 2,4 1,2 3,1 2,3 1,5 2,7 4,8 6,7 8,8 7,6 8,4 7,2 5,1 4,3 6,4 8,3 7,1 5,2 3,3 4,5 5,3 6,5 4,6 5,4 7,5 6,3 5,5 3,6 4,4 2,3 3,5 2,3 
74: 2,3 1,1 3,2 1,3 2,1 4,2 6,1 8,2 7,4 8,6 7,8 5,7 3,8 1,7 2,5 3,7 1,8 2,6 1,4 2,2 4,1 6,2 8,1 7,3 8,5 7,7 5,8 6,6 8,7 6,8 4,7 2,8 1,6 2,4 1,2 3,1 2,3 1,5 2,7 4,8 6,7 8,8 7,6 8,4 7,2 5,1 6,3 7,1 8,3 7,5 5,4 3,3 5,2 6,4 4,5 5,3 6,5 4,6 3,4 5,5 4,3 3,5 2,3 4,4 2,3 
75: 2,3 1,1 3,2 1,3 2,1 4,2 6,1 8,2 7,4 8,6 7,8 5,7 3,8 1,7 2,5 3,7 1,8 2,6 1,4 2,2 4,1 6,2 8,1 7,3 8,5 7,7 5,8 6,6 8,7 6,8 4,7 2,8 1,6 2,4 1,2 3,1 2,3 1,5 2,7 4,8 6,7 8,8 7,6 8,4 7,2 5,1 6,3 7,1 8,3 7,5 5,4 3,3 5,2 6,4 4,5 5,3 6,5 4,6 3,4 5,5 3,6 4,4 2,3 3,5 2,3 
76: 2,3 1,1 3,2 1,3 2,1 4,2 6,1 8,2 7,4 8,6 7,8 5,7 3,8 1,7 2,5 3,7 1,8 2,6 1,4 2,2 4,1 6,2 8,1 7,3 8,5 7,7 5,8 6,6 8,7 6,8 4,7 2,8 1,6 2,4 1,2 3,1 2,3 1,5 2,7 4,8 6,7 8,8 7,6 8,4 7,2 5,1 6,3 7,1 8,3 7,5 5,4 4,6 3,4 5,5 4,3 6,4 5,2 3,3 4,5 5,3 6,5 4,4 2,3 3,5 2,3 
77: 2,3 1,1 3,2 1,3 2,1 4,2 6,1 8,2 7,4 8,6 7,8 5,7 3,8 1,7 2,5 3,7 1,8 2,6 1,4 2,2 4,1 6,2 8,1 7,3 8,5 7,7 5,8 6,6 8,7 6,8 4,7 2,8 1,6 2,4 1,2 3,1 2,3 1,5 2,7 4,8 6,7 8,8 7,6 8,4 7,2 5,1 6,3 7,1 8,3 7,5 5,4 4,6 3,4 5,3 4,5 3,3 5,2 6,4 4,3 5,5 3,6 4,4 2,3 3,5 2,3 
78: 2,3 1,1 3,2 1,3 2,1 4,2 6,1 8,2 7,4 8,6 7,8 5,7 3,8 1,7 2,5 3,7 1,8 2,6 1,4 2,2 4,1 6,2 8,1 7,3 8,5 7,7 5,8 6,6 8,7 6,8 4,7 2,8 1,6 2,4 1,2 3,1 2,3 1,5 2,7 4,8 6,7 8,8 7,6 8,4 7,2 5,1 6,3 7,1 8,3 7,5 5,4 4,6 6,5 5,3 3,4 5,5 3,6 4,4 5,2 3,3 4,5 6,4 4,3 3,5 2,3 
79: 2,3 1,1 3,2 1,3 2,1 4,2 6,1 8,2 7,4 8,6 7,8 5,7 3,8 1,7 2,5 3,7 1,8 2,6 1,4 2,2 4,1 6,2 8,1 7,3 8,5 7,7 5,8 6,6 8,7 6,8 4,7 2,8 1,6 2,4 1,2 3,1 2,3 1,5 2,7 4,8 6,7 8,8 7,6 8,4 7,2 5,1 6,3 7,1 8,3 7,5 5,4 4,6 6,5 5,3 3,4 5,5 3,6 4,4 5,2 3,3 4,5 6,4 5,6 3,5 2,3 
80: 2,3 1,1 3,2 1,3 2,1 4,2 6,1 8,2 7,4 8,6 7,8 5,7 3,8 1,7 2,5 3,7 1,8 2,6 1,4 2,2 4,1 6,2 8,1 7,3 8,5 7,7 5,8 6,6 8,7 6,8 4,7 2,8 1,6 2,4 1,2 3,1 2,3 1,5 2,7 4,8 6,7 8,8 7,6 8,4 7,2 5,1 6,3 7,1 8,3 7,5 5,4 4,6 6,5 5,3 4,5 3,3 5,2 6,4 4,3 5,5 3,6 4,4 2,3 3,5 2,3 
81: 2,3 1,1 3,2 1,3 2,1 4,2 6,1 8,2 7,4 8,6 7,8 5,7 3,8 1,7 2,5 3,7 1,8 2,6 1,4 2,2 4,1 6,2 8,1 7,3 8,5 7,7 5,8 6,6 8,7 6,8 4,7 2,8 1,6 2,4 1,2 3,1 2,3 1,5 2,7 4,8 6,7 8,8 7,6 8,4 7,2 5,1 6,3 7,1 8,3 7,5 5,4 4,6 6,5 4,4 5,2 3,3 4,5 5,3 3,4 5,5 4,3 6,4 5,6 3,5 2,3 
82: 2,3 1,1 3,2 1,3 2,1 4,2 6,1 8,2 7,4 8,6 7,8 5,7 3,8 1,7 2,5 3,7 1,8 2,6 1,4 2,2 4,1 6,2 8,1 7,3 8,5 7,7 5,8 6,6 8,7 6,8 4,7 2,8 1,6 2,4 1,2 3,1 2,3 1,5 2,7 4,8 6,7 8,8 7,6 8,4 7,2 5,1 6,3 7,1 8,3 7,5 5,6 4,4 5,2 3,3 4,5 6,4 4,3 5,5 3,4 5,3 6,5 4,6 5,4 3,5 2,3 
83: 2,3 1,1 3,2 1,3 2,1 4,2 6,1 8,2 7,4 8,6 7,8 5,7 3,8 1,7 2,5 3,7 1,8 2,6 1,4 2,2 4,1 6,2 8,1 7,3 8,5 7,7 5,8 6,6 8,7 6,8 4,7 2,8 1,6 2,4 1,2 3,1 2,3 1,5 2,7 4,8 6,7 8,8 7,6 8,4 7,2 5,1 6,3 7,1 8,3 7,5 5,6 4,4 5,2 6,4 4,3 5,5 3,4 4,6 6,5 5,3 4,5 3,3 5,4 3,5 2,3 
84: 2,3 1,1 3,2 1,3 2,1 4,2 6,1 8,2 7,4 8,6 7,8 5,7 3,8 1,7 2,5 3,7 1,8 2,6 1,4 2,2 4,1 6,2 8,1 7,3 8,5 7,7 5,8 6,6 8,7 6,8 4,7 2,8 1,6 2,4 1,2 3,1 2,3 1,5 2,7 4,8 6,7 8,8 7,6 8,4 7,2 5,1 6,3 7,1 8,3 7,5 5,6 4,4 5,2 6,4 4,5 3,3 5,4 4,6 6,5 5,3 3,4 5,5 4,3 3,5 2,3 
85: 2,3 1,1 3,2 1,3 2,1 4,2 6,1 8,2 7,4 8,6 7,8 5,7 3,8 1,7 2,5 3,7 1,8 2,6 1,4 2,2 4,1 6,2 8,1 7,3 8,5 7,7 5,8 6,6 8,7 6,8 4,7 2,8 1,6 2,4 1,2 3,1 2,3 1,5 2,7 4,8 6,7 8,8 7,6 8,4 7,2 5,1 6,3 7,1 8,3 7,5 5,6 6,4 5,2 3,3 4,5 5,3 6,5 4,6 3,4 5,5 4,3 3,5 2,3 4,4 2,3 
86: 2,3 1,1 3,2 1,3 2,1 4,2 6,1 8,2 7,4 8,6 7,8 5,7 3,8 1,7 2,5 3,7 1,8 2,6 1,4 2,2 4,1 6,2 8,1 7,3 8,5 7,7 5,8 6,6 8,7 6,8 4,7 2,8 1,6 2,4 1,2 3,1 2,3 1,5 2,7 4,8 6,7 8,8 7,6 8,4 7,2 5,1 6,3 7,1 8,3 7,5 5,6 6,4 5,2 3,3 4,5 5,3 6,5 4,6 3,4 5,5 3,6 4,4 2,3 3,5 2,3 
87: 2,3 1,1 3,2 1,3 2,1 4,2 6,1 8,2 7,4 8,6 7,8 5,7 3,8 1,7 2,5 3,7 1,8 2,6 1,4 2,2 4,1 6,2 8,1 7,3 8,5 7,7 5,8 6,6 8,7 6,8 4,7 2,8 1,6 2,4 1,2 3,1 2,3 1,5 2,7 4,8 6,7 8,8 7,6 8,4 7,2 5,1 6,3 7,1 8,3 7,5 5,6 6,4 5,2 3,3 5,4 4,6 6,5 5,3 3,4 5,5 4,3 3,5 2,3 4,4 2,3 
88: 2,3 1,1 3,2 1,3 2,1 4,2 6,1 8,2 7,4 8,6 7,8 5,7 3,8 1,7 2,5 3,7 1,8 2,6 1,4 2,2 4,1 6,2 8,1 7,3 8,5 7,7 5,8 6,6 8,7 6,8 4,7 2,8 1,6 2,4 1,2 3,1 2,3 1,5 2,7 4,8 6,7 8,8 7,6 8,4 7,2 5,1 6,3 7,1 8,3 7,5 5,6 6,4 5,2 3,3 5,4 4,6 6,5 5,3 3,4 5,5 3,6 4,4 2,3 3,5 2,3 
89: 2,3 1,1 3,2 1,3 2,1 4,2 6,1 8,2 7,4 8,6 7,8 5,7 3,8 1,7 2,5 3,7 1,8 2,6 1,4 2,2 4,1 6,2 8,1 7,3 8,5 7,7 5,8 6,6 8,7 6,8 4,7 2,8 1,6 2,4 1,2 3,1 5,2 7,1 8,3 7,5 6,7 8,8 7,6 8,4 7,2 5,1 4,3 5,5 3,6 1,5 2,7 4,8 5,6 6,4 4,5 3,3 5,4 4,6 3,4 5,3 6,5 4,4 2,3 3,5 2,3 
90: 2,3 1,1 3,2 1,3 2,1 4,2 6,1 8,2 7,4 8,6 7,8 5,7 3,8 1,7 2,5 3,7 1,8 2,6 1,4 2,2 4,1 6,2 8,1 7,3 8,5 7,7 5,8 6,6 8,7 6,8 4,7 2,8 1,6 2,4 1,2 3,1 5,2 7,1 8,3 7,5 6,7 8,8 7,6 8,4 7,2 5,1 4,3 5,5 3,6 4,8 2,7 1,5 2,3 3,5 5,6 6,4 4,5 3,3 5,4 4,6 3,4 5,3 6,5 4,4 2,3 
91: 2,3 1,1 3,2 1,3 2,1 4,2 6,1 8,2 7,4 8,6 7,8 5,7 3,8 1,7 2,5 3,7 1,8 2,6 1,4 2,2 4,1 6,2 8,1 7,3 8,5 7,7 5,8 6,6 8,7 6,8 4,7 2,8 1,6 2,4 1,2 3,1 5,2 7,1 8,3 7,5 6,7 8,8 7,6 8,4 7,2 5,1 4,3 6,4 4,5 3,3 5,4 4,6 2,7 1,5 2,3 3,5 5,6 4,8 3,6 5,5 3,4 5,3 6,5 4,4 2,3 
92: 2,3 1,1 3,2 1,3 2,1 4,2 6,1 8,2 7,4 8,6 7,8 5,7 3,8 1,7 2,5 3,7 1,8 2,6 1,4 2,2 4,1 6,2 8,1 7,3 8,5 7,7 5,8 6,6 8,7 6,8 4,7 2,8 1,6 2,4 1,2 3,1 5,2 7,1 8,3 7,5 6,7 8,8 7,6 8,4 7,2 5,1 4,3 6,4 4,5 3,3 5,4 4,6 2,7 4,8 5,6 3,5 2,3 1,5 3,6 5,5 3,4 5,3 6,5 4,4 2,3 
93: 2,3 1,1 3,2 1,3 2,1 4,2 6,1 8,2 7,4 8,6 7,8 5,7 3,8 1,7 2,5 3,7 1,8 2,6 1,4 2,2 4,1 6,2 8,1 7,3 8,5 7,7 5,8 6,6 8,7 6,8 4,7 2,8 1,6 2,4 1,2 3,1 5,2 7,1 8,3 7,5 6,7 8,8 7,6 8,4 7,2 5,1 4,3 6,4 5,6 4,8 2,7 1,5 2,3 3,5 5,4 3,3 4,5 5,3 6,5 4,6 3,4 5,5 3,6 4,4 2,3 
94: 2,3 1,1 3,2 1,3 2,1 4,2 6,1 8,2 7,4 8,6 7,8 5,7 3,8 1,7 2,5 3,7 1,8 2,6 1,4 2,2 4,1 6,2 8,1 7,3 8,5 7,7 5,8 6,6 8,7 6,8 4,7 2,8 1,6 2,4 1,2 3,1 5,2 7,1 8,3 7,5 6,7 8,8 7,6 8,4 7,2 5,1 4,3 6,4 5,6 4,8 2,7 1,5 2,3 3,5 5,4 3,3 4,5 5,3 6,5 4,6 3,4 5,5 6,3 4,4 2,3 
95: 2,3 1,1 3,2 1,3 2,1 4,2 6,1 8,2 7,4 8,6 7,8 5,7 3,8 1,7 2,5 3,7 1,8 2,6 1,4 2,2 4,1 6,2 8,1 7,3 8,5 7,7 5,8 6,6 8,7 6,8 4,7 2,8 1,6 2,4 1,2 3,1 5,2 7,1 8,3 7,5 6,7 8,8 7,6 8,4 7,2 5,1 6,3 4,4 2,3 1,5 2,7 4,8 3,6 5,5 3,4 5,3 6,5 4,6 5,4 3,3 4,5 6,4 4,3 3,5 2,3 
96: 2,3 1,1 3,2 1,3 2,1 4,2 6,1 8,2 7,4 8,6 7,8 5,7 3,8 1,7 2,5 3,7 1,8 2,6 1,4 2,2 4,1 6,2 8,1 7,3 8,5 7,7 5,8 6,6 8,7 6,8 4,7 2,8 1,6 2,4 1,2 3,1 5,2 7,1 8,3 7,5 6,7 8,8 7,6 8,4 7,2 5,1 6,3 4,4 2,3 1,5 2,7 4,8 3,6 5,5 3,4 5,3 6,5 4,6 5,4 3,3 4,5 6,4 5,6 3,5 2,3 
97: 2,3 1,1 3,2 1,3 2,1 4,2 6,1 8,2 7,4 8,6 7,8 5,7 3,8 1,7 2,5 3,7 1,8 2,6 1,4 2,2 4,1 6,2 8,1 7,3 8,5 7,7 5,8 6,6 8,7 6,8 4,7 2,8 1,6 2,4 1,2 3,1 5,2 7,1 8,3 7,5 6,7 8,8 7,6 8,4 7,2 5,1 6,3 4,4 2,3 1,5 2,7 4,8 5,6 6,4 4,3 5,5 3,4 4,6 6,5 5,3 4,5 3,3 5,4 3,5 2,3 
98: 2,3 1,1 3,2 1,3 2,1 4,2 6,1 8,2 7,4 8,6 7,8 5,7 3,8 1,7 2,5 3,7 1,8 2,6 1,4 2,2 4,1 6,2 8,1 7,3 8,5 7,7 5,8 6,6 8,7 6,8 4,7 2,8 1,6 2,4 1,2 3,1 5,2 7,1 8,3 7,5 6,7 8,8 7,6 8,4 7,2 5,1 6,3 4,4 2,3 1,5 2,7 4,8 5,6 6,4 4,5 3,3 5,4 4,6 6,5 5,3 3,4 5,5 4,3 3,5 2,3 
99: 2,3 1,1 3,2 1,3 2,1 4,2 6,1 8,2 7,4 8,6 7,8 5,7 3,8 1,7 2,5 3,7 1,8 2,6 1,4 2,2 4,1 6,2 8,1 7,3 8,5 7,7 5,8 6,6 8,7 6,8 4,7 2,8 1,6 2,4 1,2 3,1 5,2 7,1 8,3 7,5 6,7 8,8 7,6 8,4 7,2 5,1 6,3 5,5 4,3 3,5 2,7 4,8 5,6 6,4 4,5 3,3 5,4 4,6 6,5 5,3 3,4 1,5 2,3 4,4 2,3 
100: 2,3 1,1 3,2 1,3 2,1 4,2 6,1 8,2 7,4 8,6 7,8 5,7 3,8 1,7 2,5 3,7 1,8 2,6 1,4 2,2 4,1 6,2 8,1 7,3 8,5 7,7 5,8 6,6 8,7 6,8 4,7 2,8 1,6 2,4 1,2 3,1 5,2 7,1 8,3 7,5 6,7 8,8 7,6 8,4 7,2 5,1 6,3 5,5 4,3 6,4 4,5 3,3 5,4 4,6 2,7 4,8 5,6 3,5 2,3 1,5 3,4 5,3 6,5 4,4 2,3 
101: 2,3 1,1 3,2 1,3 2,1 4,2 6,1 8,2 7,4 8,6 7,8 5,7 3,8 1,7 2,5 3,7 1,8 2,6 1,4 2,2 4,1 6,2 8,1 7,3 8,5 7,7 5,8 6,6 8,7 6,8 4,7 2,8 1,6 2,4 1,2 3,1 5,2 7,1 8,3 7,5 6,7 8,8 7,6 8,4 7,2 5,1 6,3 5,5 4,3 6,4 5,6 4,8 2,7 1,5 2,3 3,5 5,4 3,3 4,5 5,3 3,4 4,6 6,5 4,4 2,3 
102: 2,3 1,1 3,2 1,3 2,1 4,2 6,1 8,2 7,4 8,6 7,8 5,7 3,8 1,7 2,5 3,7 1,8 2,6 1,4 2,2 4,1 6,2 8,1 7,3 8,5 7,7 5,8 6,6 8,7 6,8 4,7 2,8 1,6 2,4 1,2 3,1 5,2 7,1 8,3 7,5 6,7 8,8 7,6 8,4 7,2 5,1 6,3 5,5 3,6 1,5 2,7 4,8 5,6 6,4 4,5 3,3 5,4 4,6 3,4 5,3 6,5 4,4 2,3 3,5 2,3 
103: 2,3 1,1 3,2 1,3 2,1 4,2 6,1 8,2 7,4 8,6 7,8 5,7 3,8 1,7 2,5 3,7 1,8 2,6 1,4 2,2 4,1 6,2 8,1 7,3 8,5 7,7 5,8 6,6 8,7 6,8 4,7 2,8 1,6 2,4 1,2 3,1 5,2 7,1 8,3 7,5 6,7 8,8 7,6 8,4 7,2 5,1 6,3 5,5 3,6 4,8 2,7 1,5 2,3 3,5 5,6 6,4 4,5 3,3 5,4 4,6 3,4 5,3 6,5 4,4 2,3 
104: 2,3 1,1 3,2 1,3 2,1 4,2 6,1 8,2 7,4 8,6 7,8 5,7 3,8 1,7 2,5 3,7 1,8 2,6 1,4 2,2 4,1 6,2 8,1 7,3 8,5 7,7 5,8 6,6 8,7 6,8 4,7 2,8 1,6 2,4 1,2 3,1 5,2 7,1 8,3 7,5 6,7 8,8 7,6 8,4 7,2 5,1 6,3 5,5 3,6 4,8 2,7 1,5 2,3 3,5 4,3 6,4 4,5 3,3 5,4 4,6 3,4 5,3 6,5 4,4 2,3 
105: 2,3 1,1 3,2 1,3 2,1 4,2 6,1 8,2 7,4 8,6 7,8 5,7 3,8 1,7 2,5 3,7 1,8 2,6 1,4 2,2 4,1 6,2 8,1 7,3 8,5 7,7 5,8 6,6 8,7 6,8 7,6 8,8 6,7 4,8 2,7 1,5 2,3 3,1 1,2 2,4 1,6 2,8 4,7 3,5 5,6 7,5 8,3 7,1 5,2 3,3 5,4 4,6 3,4 5,5 6,3 8,4 7,2 5,1 4,3 6,4 4,5 5,3 6,5 4,4 2,3 
106: 2,3 1,1 3,2 1,3 2,1 4,2 6,1 8,2 7,4 8,6 7,8 5,7 3,8 1,7 2,5 3,7 1,8 2,6 1,4 2,2 4,1 6,2 8,1 7,3 8,5 7,7 5,8 6,6 8,7 6,8 7,6 8,8 6,7 4,8 2,7 1,5 2,3 3,1 1,2 2,4 1,6 2,8 4,7 3,5 5,6 7,5 8,3 7,1 5,2 3,3 5,4 4,6 6,5 8,4 7,2 5,1 4,3 6,4 4,5 5,3 3,4 5,5 3,6 4,4 2,3 
107: 2,3 1,1 3,2 1,3 2,1 4,2 6,1 8,2 7,4 8,6 7,8 5,7 3,8 1,7 2,5 3,7 1,8 2,6 1,4 2,2 4,1 6,2 8,1 7,3 8,5 7,7 5,8 6,6 8,7 6,8 7,6 8,8 6,7 4,8 2,7 1,5 2,3 3,1 1,2 2,4 1,6 2,8 4,7 3,5 5,6 7,5 8,3 7,1 5,2 3,3 5,4 4,6 6,5 8,4 7,2 5,1 4,3 6,4 4,5 5,3 3,4 5,5 6,3 4,4 2,3 
108: 2,3 1,1 3,2 1,3 2,1 4,2 6,1 8,2 7,4 8,6 7,8 5,7 3,8 1,7 2,5 3,7 1,8 2,6 1,4 2,2 4,1 6,2 8,1 7,3 8,5 7,7 5,8 6,6 8,7 6,8 7,6 8,8 6,7 4,8 2,7 1,5 2,3 3,1 1,2 2,4 1,6 2,8 4,7 3,5 5,6 7,5 8,3 7,1 5,2 6,4 7,2 5,1 4,3 5,5 3,4 4,6 5,4 3,3 4,5 5,3 6,5 8,4 6,3 4,4 2,3 
109: 2,3 1,1 3,2 1,3 2,1 4,2 6,1 8,2 7,4 8,6 7,8 5,7 3,8 1,7 2,5 3,7 1,8 2,6 1,4 2,2 4,1 6,2 8,1 7,3 8,5 7,7 5,8 6,6 8,7 6,8 7,6 8,8 6,7 4,8 2,7 1,5 2,3 3,1 1,2 2,4 1,6 2,8 4,7 3,5 5,6 7,5 8,3 7,1 5,2 6,4 7,2 5,1 4,3 5,5 3,4 5,3 4,5 3,3 5,4 4,6 6,5 8,4 6,3 4,4 2,3 
110: 2,3 1,1 3,2 1,3 2,1 4,2 6,1 8,2 7,4 8,6 7,8 5,7 3,8 1,7 2,5 3,7 1,8 2,6 1,4 2,2 4,1 6,2 8,1 7,3 8,5 7,7 5,8 6,6 8,7 6,8 7,6 8,8 6,7 4,8 2,7 1,5 2,3 3,1 1,2 2,4 1,6 2,8 4,7 3,5 5,6 7,5 8,3 7,1 5,2 6,4 7,2 5,1 6,3 8,4 6,5 5,3 4,5 3,3 5,4 4,6 3,4 5,5 3,6 4,4 2,3 
111: 2,3 1,1 3,2 1,3 2,1 4,2 6,1 8,2 7,4 8,6 7,8 5,7 3,8 1,7 2,5 3,7 1,8 2,6 1,4 2,2 4,1 6,2 8,1 7,3 8,5 7,7 5,8 6,6 8,7 6,8 7,6 8,8 6,7 4,8 2,7 1,5 2,3 3,1 1,2 2,4 1,6 2,8 4,7 3,5 5,6 7,5 8,3 7,1 5,2 6,4 7,2 5,1 6,3 8,4 6,5 4,6 5,4 3,3 4,5 5,3 3,4 5,5 3,6 4,4 2,3 
112: 2,3 1,1 3,2 1,3 2,1 4,2 6,1 8,2 7,4 8,6 7,8 5,7 3,8 1,7 2,5 3,7 1,8 2,6 1,4 2,2 4,1 6,2 8,1 7,3 8,5 7,7 5,8 6,6 8,7 6,8 7,6 8,8 6,7 4,8 2,7 1,5 2,3 3,1 1,2 2,4 1,6 2,8 4,7 3,5 5,6 7,5 8,3 7,1 5,2 6,4 7,2 8,4 6,3 5,1 4,3 5,5 3,4 4,6 5,4 3,3 4,5 5,3 6,5 4,4 2,3 
113: 2,3 1,1 3,2 1,3 2,1 4,2 6,1 8,2 7,4 8,6 7,8 5,7 3,8 1,7 2,5 3,7 1,8 2,6 1,4 2,2 4,1 6,2 8,1 7,3 8,5 7,7 5,8 6,6 8,7 6,8 7,6 8,8 6,7 4,8 2,7 1,5 2,3 3,1 1,2 2,4 1,6 2,8 4,7 3,5 5,6 7,5 8,3 7,1 5,2 6,4 7,2 8,4 6,3 5,1 4,3 5,5 3,4 5,3 4,5 3,3 5,4 4,6 6,5 4,4 2,3 
114: 2,3 1,1 3,2 1,3 2,1 4,2 6,1 8,2 7,4 8,6 7,8 5,7 3,8 1,7 2,5 3,7 1,8 2,6 1,4 2,2 4,1 6,2 8,1 7,3 8,5 7,7 5,8 6,6 8,7 6,8 7,6 8,8 6,7 4,8 2,7 1,5 2,3 3,1 1,2 2,4 1,6 2,8 4,7 3,5 5,6 7,5 8,3 7,1 5,2 6,4 7,2 8,4 6,5 5,3 4,5 3,3 5,4 4,6 3,4 5,5 4,3 5,1 6,3 4,4 2,3 
115: 2,3 1,1 3,2 1,3 2,1 4,2 6,1 8,2 7,4 8,6 7,8 5,7 3,8 1,7 2,5 3,7 1,8 2,6 1,4 2,2 4,1 6,2 8,1 7,3 8,5 7,7 5,8 6,6 8,7 6,8 7,6 8,8 6,7 4,8 2,7 1,5 2,3 3,1 1,2 2,4 1,6 2,8 4,7 3,5 5,6 7,5 8,3 7,1 5,2 6,4 7,2 8,4 6,5 4,6 5,4 3,3 4,5 5,3 3,4 5,5 4,3 5,1 6,3 4,4 2,3 
116: 2,3 1,1 3,2 1,3 2,1 4,2 6,1 8,2 7,4 8,6 7,8 5,7 3,8 1,7 2,5 3,7 1,8 2,6 1,4 2,2 4,1 6,2 8,1 7,3 8,5 7,7 5,8 6,6 8,7 6,8 7,6 8,8 6,7 4,8 2,7 1,5 2,3 3,1 1,2 2,4 1,6 2,8 4,7 3,5 5,4 7,5 8,3 7,1 5,2 3,3 4,5 5,3 7,2 5,1 6,3 8,4 6,5 4,6 3,4 5,5 4,3 6,4 5,6 4,4 2,3 
117: 2,3 1,1 3,2 1,3 2,1 4,2 6,1 8,2 7,4 8,6 7,8 5,7 3,8 1,7 2,5 3,7 1,8 2,6 1,4 2,2 4,1 6,2 8,1 7,3 8,5 7,7 5,8 6,6 8,7 6,8 7,6 8,8 6,7 4,8 2,7 1,5 2,3 3,1 1,2 2,4 1,6 2,8 4,7 3,5 5,4 7,5 8,3 7,1 5,2 3,3 4,5 5,3 7,2 8,4 6,5 4,6 3,4 5,5 6,3 5,1 4,3 6,4 5,6 4,4 2,3 
118: 2,3 1,1 3,2 1,3 2,1 4,2 6,1 8,2 7,4 8,6 7,8 5,7 3,8 1,7 2,5 3,7 1,8 2,6 1,4 2,2 4,1 6,2 8,1 7,3 8,5 7,7 5,8 6,6 8,7 6,8 7,6 8,8 6,7 4,8 2,7 1,5 2,3 3,1 1,2 2,4 1,6 2,8 4,7 3,5 4,3 5,1 7,2 8,4 6,3 7,1 8,3 7,5 5,4 3,3 5,2 6,4 4,5 5,3 6,5 4,6 3,4 5,5 3,6 4,4 2,3 
119: 2,3 1,1 3,2 1,3 2,1 4,2 6,1 8,2 7,4 8,6 7,8 5,7 3,8 1,7 2,5 3,7 1,8 2,6 1,4 2,2 4,1 6,2 8,1 7,3 8,5 7,7 5,8 6,6 8,7 6,8 7,6 8,8 6,7 4,8 2,7 1,5 2,3 3,1 1,2 2,4 1,6 2,8 4,7 3,5 4,3 5,1 7,2 8,4 6,3 7,1 8,3 7,5 5,6 6,4 5,2 3,3 4,5 5,3 6,5 4,6 3,4 5,5 3,6 4,4 2,3 
120: 2,3 1,1 3,2 1,3 2,1 4,2 6,1 8,2 7,4 8,6 7,8 5,7 3,8 1,7 2,5 3,7 1,8 2,6 1,4 2,2 4,1 6,2 8,1 7,3 8,5 7,7 5,8 6,6 8,7 6,8 7,6 8,8 6,7 4,8 2,7 1,5 2,3 3,1 1,2 2,4 1,6 2,8 4,7 3,5 4,3 5,1 7,2 8,4 6,3 7,1 8,3 7,5 5,6 6,4 5,2 3,3 5,4 4,6 6,5 5,3 3,4 5,5 3,6 4,4 2,3 
121: 2,3 1,1 3,2 1,3 2,1 4,2 6,1 8,2 7,4 8,6 7,8 5,7 3,8 1,7 2,5 3,7 1,8 2,6 1,4 2,2 4,1 6,2 8,1 7,3 8,5 7,7 5,8 6,6 8,7 6,8 7,6 8,8 6,7 4,8 2,7 1,5 2,3 3,1 1,2 2,4 1,6 2,8 4,7 3,5 4,3 5,1 7,2 8,4 6,5 4,6 3,4 5,3 4,5 6,4 8,3 7,1 5,2 3,3 5,4 7,5 6,3 5,5 3,6 4,4 2,3 
122: 2,3 1,1 3,2 1,3 2,1 4,2 6,1 8,2 7,4 8,6 7,8 5,7 3,8 1,7 2,5 3,7 1,8 2,6 1,4 2,2 4,1 6,2 8,1 7,3 8,5 7,7 5,8 6,6 8,7 6,8 7,6 8,8 6,7 4,8 2,7 1,5 2,3 3,1 1,2 2,4 1,6 2,8 4,7 5,5 4,3 5,1 7,2 8,4 6,3 7,1 8,3 7,5 5,4 3,3 5,2 6,4 4,5 5,3 3,4 4,6 6,5 4,4 2,3 3,5 2,3 
123: 2,3 1,1 3,2 1,3 2,1 4,2 6,1 8,2 7,4 8,6 7,8 5,7 3,8 1,7 2,5 3,7 1,8 2,6 1,4 2,2 4,1 6,2 8,1 7,3 8,5 7,7 5,8 6,6 8,7 6,8 7,6 8,8 6,7 4,8 2,7 1,5 2,3 3,1 1,2 2,4 1,6 2,8 4,7 5,5 4,3 5,1 7,2 8,4 6,3 7,1 8,3 7,5 5,4 4,6 3,4 5,3 4,5 3,3 5,2 6,4 5,6 4,4 2,3 3,5 2,3 
124: 2,3 1,1 3,2 1,3 2,1 4,2 6,1 8,2 7,4 8,6 7,8 5,7 3,8 1,7 2,5 3,7 1,8 2,6 1,4 2,2 4,1 6,2 8,1 7,3 8,5 7,7 5,8 6,6 8,7 6,8 7,6 8,8 6,7 4,8 2,7 1,5 2,3 3,1 1,2 2,4 1,6 2,8 4,7 5,5 4,3 5,1 7,2 8,4 6,3 7,1 8,3 7,5 5,4 4,6 3,4 5,3 4,5 3,3 5,2 6,4 5,6 3,5 2,3 4,4 2,3 
125: 2,3 1,1 3,2 1,3 2,1 4,2 6,1 8,2 7,4 8,6 7,8 5,7 3,8 1,7 2,5 3,7 1,8 2,6 1,4 2,2 4,1 6,2 8,1 7,3 8,5 7,7 5,8 6,6 8,7 6,8 7,6 8,8 6,7 4,8 2,7 1,5 2,3 3,1 1,2 2,4 1,6 2,8 4,7 5,5 4,3 5,1 7,2 8,4 6,3 7,1 8,3 7,5 5,4 4,6 3,4 5,3 6,5 4,4 5,2 3,3 4,5 6,4 5,6 3,5 2,3 
126: 2,3 1,1 3,2 1,3 2,1 4,2 6,1 8,2 7,4 8,6 7,8 5,7 3,8 1,7 2,5 3,7 1,8 2,6 1,4 2,2 4,1 6,2 8,1 7,3 8,5 7,7 5,8 6,6 8,7 6,8 7,6 8,8 6,7 4,8 2,7 1,5 2,3 3,1 1,2 2,4 1,6 2,8 4,7 5,5 4,3 5,1 7,2 8,4 6,3 7,1 8,3 7,5 5,4 4,6 6,5 5,3 4,5 3,3 5,2 6,4 5,6 4,4 2,3 3,5 2,3 
127: 2,3 1,1 3,2 1,3 2,1 4,2 6,1 8,2 7,4 8,6 7,8 5,7 3,8 1,7 2,5 3,7 1,8 2,6 1,4 2,2 4,1 6,2 8,1 7,3 8,5 7,7 5,8 6,6 8,7 6,8 7,6 8,8 6,7 4,8 2,7 1,5 2,3 3,1 1,2 2,4 1,6 2,8 4,7 5,5 4,3 5,1 7,2 8,4 6,3 7,1 8,3 7,5 5,4 4,6 6,5 5,3 4,5 3,3 5,2 6,4 5,6 3,5 2,3 4,4 2,3 
128: 2,3 1,1 3,2 1,3 2,1 4,2 6,1 8,2 7,4 8,6 7,8 5,7 3,8 1,7 2,5 3,7 1,8 2,6 1,4 2,2 4,1 6,2 8,1 7,3 8,5 7,7 5,8 6,6 8,7 6,8 7,6 8,8 6,7 4,8 2,7 1,5 2,3 3,1 1,2 2,4 1,6 2,8 4,7 5,5 4,3 5,1 7,2 8,4 6,3 7,1 8,3 7,5 5,6 6,4 5,2 3,3 4,5 5,3 3,4 4,6 6,5 4,4 2,3 3,5 2,3 
129: 2,3 1,1 3,2 1,3 2,1 4,2 6,1 8,2 7,4 8,6 7,8 5,7 3,8 1,7 2,5 3,7 1,8 2,6 1,4 2,2 4,1 6,2 8,1 7,3 8,5 7,7 5,8 6,6 8,7 6,8 7,6 8,8 6,7 4,8 2,7 1,5 2,3 3,1 1,2 2,4 1,6 2,8 4,7 5,5 4,3 5,1 7,2 8,4 6,3 7,1 8,3 7,5 5,6 6,4 5,2 3,3 4,5 5,3 3,4 4,6 5,4 3,5 2,3 4,4 2,3 
130: 2,3 1,1 3,2 1,3 2,1 4,2 6,1 8,2 7,4 8,6 7,8 5,7 3,8 1,7 2,5 3,7 1,8 2,6 1,4 2,2 4,1 6,2 8,1 7,3 8,5 7,7 5,8 6,6 8,7 6,8 7,6 8,8 6,7 4,8 2,7 1,5 2,3 3,1 1,2 2,4 1,6 2,8 4,7 5,5 4,3 5,1 7,2 8,4 6,3 7,1 8,3 7,5 5,6 6,4 5,2 3,3 4,5 5,3 6,5 4,6 5,4 3,5 2,3 4,4 2,3 
131: 2,3 1,1 3,2 1,3 2,1 4,2 6,1 8,2 7,4 8,6 7,8 5,7 3,8 1,7 2,5 3,7 1,8 2,6 1,4 2,2 4,1 6,2 8,1 7,3 8,5 7,7 5,8 6,6 8,7 6,8 7,6 8,8 6,7 4,8 2,7 1,5 2,3 3,1 1,2 2,4 1,6 2,8 4,7 5,5 4,3 5,1 7,2 8,4 6,3 7,1 8,3 7,5 5,6 6,4 5,2 3,3 5,4 4,6 3,4 5,3 6,5 4,4 2,3 3,5 2,3 
132: 2,3 1,1 3,2 1,3 2,1 4,2 6,1 8,2 7,4 8,6 7,8 5,7 3,8 1,7 2,5 3,7 1,8 2,6 1,4 2,2 4,1 6,2 8,1 7,3 8,5 7,7 5,8 6,6 8,7 6,8 7,6 8,8 6,7 4,8 2,7 1,5 2,3 3,1 1,2 2,4 1,6 2,8 4,7 5,5 4,3 5,1 7,2 8,4 6,5 5,3 3,4 4,6 5,4 7,5 8,3 7,1 5,2 3,3 4,5 6,4 5,6 4,4 2,3 3,5 2,3 
133: 2,3 1,1 3,2 1,3 2,1 4,2 6,1 8,2 7,4 8,6 7,8 5,7 3,8 1,7 2,5 3,7 1,8 2,6 1,4 2,2 4,1 6,2 8,1 7,3 8,5 7,7 5,8 6,6 8,7 6,8 7,6 8,8 6,7 4,8 2,7 1,5 2,3 3,1 1,2 2,4 1,6 2,8 4,7 5,5 4,3 5,1 7,2 8,4 6,5 5,3 3,4 4,6 5,4 7,5 8,3 7,1 5,2 3,3 4,5 6,4 5,6 3,5 2,3 4,4 2,3 
134: 2,3 1,1 3,2 1,3 2,1 4,2 6,1 8,2 7,4 8,6 7,8 5,7 3,8 1,7 2,5 3,7 1,8 2,6 1,4 2,2 4,1 6,2 8,1 7,3 8,5 7,7 5,8 6,6 8,7 6,8 7,6 8,8 6,7 4,8 2,7 1,5 2,3 3,1 1,2 2,4 1,6 2,8 4,7 5,5 4,3 5,1 7,2 8,4 6,5 4,6 3,4 5,3 4,5 6,4 8,3 7,1 5,2 3,3 5,4 7,5 6,3 4,4 2,3 3,5 2,3 
135: 2,3 1,1 3,2 1,3 2,1 4,2 6,1 8,2 7,4 8,6 7,8 5,7 3,8 1,7 2,5 3,7 1,8 2,6 1,4 2,2 4,1 6,2 8,1 7,3 8,5 7,7 5,8 6,6 8,7 6,8 7,6 8,8 6,7 4,8 2,7 1,5 2,3 3,1 1,2 2,4 1,6 2,8 4,7 5,5 4,3 5,1 7,2 8,4 6,5 4,6 3,4 5,3 4,5 6,4 8,3 7,1 5,2 3,3 5,4 7,5 5,6 4,4 2,3 3,5 2,3 
136: 2,3 1,1 3,2 1,3 2,1 4,2 6,1 8,2 7,4 8,6 7,8 5,7 3,8 1,7 2,5 3,7 1,8 2,6 1,4 2,2 4,1 6,2 8,1 7,3 8,5 7,7 5,8 6,6 8,7 6,8 7,6 8,8 6,7 4,8 2,7 1,5 2,3 3,1 1,2 2,4 1,6 2,8 4,7 5,5 4,3 5,1 7,2 8,4 6,5 4,6 3,4 5,3 4,5 6,4 8,3 7,1 5,2 3,3 5,4 7,5 5,6 3,5 2,3 4,4 2,3 
137: 2,3 1,1 3,2 1,3 2,1 4,2 6,1 8,2 7,4 8,6 7,8 5,7 3,8 1,7 2,5 3,7 1,8 2,6 1,4 2,2 4,1 6,2 8,1 7,3 8,5 7,7 5,8 6,6 8,7 6,8 7,6 8,8 6,7 4,8 2,7 1,5 2,3 3,1 1,2 2,4 1,6 2,8 4,7 5,5 3,4 4,6 5,4 7,5 8,3 7,1 5,2 3,3 4,5 5,3 7,2 8,4 6,3 5,1 4,3 6,4 5,6 4,4 2,3 3,5 2,3 
138: 2,3 1,1 3,2 1,3 2,1 4,2 6,1 8,2 7,4 8,6 7,8 5,7 3,8 1,7 2,5 3,7 1,8 2,6 1,4 2,2 4,1 6,2 8,1 7,3 8,5 7,7 5,8 6,6 8,7 6,8 7,6 8,8 6,7 4,8 2,7 1,5 2,3 3,1 1,2 2,4 1,6 2,8 4,7 5,5 3,4 4,6 5,4 7,5 8,3 7,1 5,2 3,3 4,5 5,3 7,2 8,4 6,3 5,1 4,3 6,4 5,6 3,5 2,3 4,4 2,3 
139: 2,3 1,1 3,2 1,3 2,1 4,2 6,1 8,2 7,4 8,6 7,8 5,7 3,8 1,7 2,5 3,7 1,8 2,6 1,4 2,2 4,1 6,2 8,1 7,3 8,5 7,7 5,8 6,6 8,7 6,8 7,6 8,8 6,7 4,8 2,7 1,5 2,3 3,1 1,2 2,4 1,6 2,8 4,7 5,5 3,4 5,3 7,2 8,4 6,5 4,6 5,4 7,5 8,3 7,1 5,2 3,3 4,5 6,4 4,3 5,1 6,3 4,4 2,3 3,5 2,3 
140: 2,3 1,1 3,2 1,3 2,1 4,2 6,1 8,2 7,4 8,6 7,8 5,7 3,8 1,7 2,5 3,7 1,8 2,6 1,4 2,2 4,1 6,2 8,1 7,3 8,5 7,7 5,8 6,6 8,7 6,8 7,6 8,8 6,7 4,8 2,7 1,5 2,3 3,1 1,2 2,4 1,6 2,8 4,7 5,5 3,6 4,4 5,2 7,1 8,3 7,5 6,3 5,1 7,2 8,4 6,5 5,3 3,4 4,6 5,4 3,3 4,5 6,4 4,3 3,5 2,3 
141: 2,3 1,1 3,2 1,3 2,1 4,2 6,1 8,2 7,4 8,6 7,8 5,7 3,8 1,7 2,5 3,7 1,8 2,6 1,4 2,2 4,1 6,2 8,1 7,3 8,5 7,7 5,8 6,6 8,7 6,8 7,6 8,8 6,7 4,8 2,7 1,5 2,3 3,1 1,2 2,4 1,6 2,8 4,7 5,5 3,6 4,4 5,2 7,1 8,3 7,5 6,3 5,1 7,2 8,4 6,5 5,3 3,4 4,6 5,4 3,3 4,5 6,4 5,6 3,5 2,3 
142: 2,3 1,1 3,2 1,3 2,1 4,2 6,1 8,2 7,4 8,6 7,8 5,7 3,8 1,7 2,5 3,7 1,8 2,6 1,4 2,2 4,1 6,2 8,1 7,3 8,5 7,7 5,8 6,6 8,7 6,8 7,6 8,8 6,7 4,8 2,7 1,5 2,3 3,1 1,2 2,4 1,6 2,8 4,7 5,5 3,6 4,4 5,2 7,1 8,3 7,5 5,6 6,4 7,2 5,1 6,3 8,4 6,5 4,6 3,4 5,3 4,5 3,3 5,4 3,5 2,3 
143: 2,3 1,1 3,2 5,1 7,2 8,4 7,6 8,8 6,7 4,8 2,7 1,5 2,3 3,1 1,2 2,4 1,6 2,8 4,7 6,8 8,7 7,5 8,3 7,1 5,2 7,3 8,1 6,2 4,1 2,2 1,4 2,6 1,8 3,7 5,8 7,7 8,5 6,6 7,8 8,6 7,4 8,2 6,1 4,2 2,1 1,3 2,5 1,7 3,8 5,7 4,5 3,3 5,4 4,6 3,4 5,3 6,5 4,4 3,6 5,5 4,3 6,4 5,6 3,5 2,3 
144: 2,3 1,1 3,2 5,1 7,2 8,4 7,6 8,8 6,7 4,8 2,7 1,5 2,3 3,1 1,2 2,4 1,6 2,8 4,7 6,8 8,7 7,5 8,3 7,1 5,2 7,3 8,1 6,2 4,1 2,2 1,4 2,6 1,8 3,7 5,8 7,7 8,5 6,6 7,8 8,6 7,4 8,2 6,1 4,2 2,1 1,3 2,5 1,7 3,8 5,7 4,5 3,3 5,4 4,6 3,4 5,3 6,5 4,4 6,3 5,5 4,3 6,4 5,6 3,5 2,3 
145: 2,3 1,1 3,2 5,1 7,2 8,4 7,6 8,8 6,7 4,8 2,7 1,5 2,3 3,1 1,2 2,4 1,6 2,8 4,7 6,8 8,7 7,5 8,3 7,1 5,2 7,3 8,1 6,2 4,1 2,2 1,4 2,6 1,8 3,7 5,8 7,7 8,5 6,6 7,8 8,6 7,4 8,2 6,1 4,2 2,1 1,3 2,5 1,7 3,8 5,7 4,5 3,3 5,4 4,6 6,5 5,3 3,4 5,5 4,3 6,4 5,6 4,4 2,3 3,5 2,3 
146: 2,3 1,1 3,2 5,1 7,2 8,4 7,6 8,8 6,7 4,8 2,7 1,5 2,3 3,1 1,2 2,4 1,6 2,8 4,7 6,8 8,7 7,5 8,3 7,1 5,2 7,3 8,1 6,2 4,1 2,2 1,4 2,6 1,8 3,7 5,8 7,7 8,5 6,6 7,8 8,6 7,4 8,2 6,1 4,2 2,1 1,3 2,5 1,7 3,8 5,7 4,5 3,3 5,4 4,6 6,5 5,3 3,4 5,5 4,3 6,4 5,6 3,5 2,3 4,4 2,3 
147: 2,3 1,1 3,2 5,1 7,2 8,4 7,6 8,8 6,7 4,8 2,7 1,5 2,3 3,1 1,2 2,4 1,6 2,8 4,7 6,8 8,7 7,5 8,3 7,1 5,2 7,3 8,1 6,2 4,1 2,2 1,4 2,6 1,8 3,7 5,8 7,7 8,5 6,6 7,8 8,6 7,4 8,2 6,1 4,2 2,1 1,3 2,5 1,7 3,8 5,7 3,6 5,5 4,3 6,4 4,5 3,3 5,4 4,6 3,4 5,3 6,5 4,4 2,3 3,5 2,3 
148: 2,3 1,1 3,2 5,1 7,2 8,4 7,6 8,8 6,7 4,8 2,7 1,5 2,3 3,1 1,2 2,4 1,6 2,8 4,7 6,8 8,7 7,5 8,3 7,1 5,2 7,3 8,1 6,2 4,1 2,2 1,4 2,6 1,8 3,7 5,8 7,7 8,5 6,6 7,8 8,6 7,4 8,2 6,1 4,2 2,1 1,3 2,5 1,7 3,8 5,7 3,6 5,5 3,4 5,3 6,5 4,6 5,4 3,3 4,5 6,4 4,3 3,5 2,3 4,4 2,3 
149: 2,3 1,1 3,2 5,1 7,2 8,4 7,6 8,8 6,7 4,8 2,7 1,5 2,3 3,1 1,2 2,4 1,6 2,8 4,7 6,8 8,7 7,5 8,3 7,1 5,2 7,3 8,1 6,2 4,1 2,2 1,4 2,6 1,8 3,7 5,8 7,7 8,5 6,6 7,8 8,6 7,4 8,2 6,1 4,2 2,1 1,3 2,5 1,7 3,8 5,7 3,6 5,5 3,4 5,3 6,5 4,6 5,4 3,3 4,5 6,4 5,6 4,4 2,3 3,5 2,3 
150: 2,3 1,1 3,2 5,1 7,2 8,4 7,6 8,8 6,7 4,8 2,7 1,5 2,3 3,1 1,2 2,4 1,6 2,8 4,7 6,8 8,7 7,5 8,3 7,1 5,2 7,3 8,1 6,2 4,1 2,2 1,4 2,6 1,8 3,7 5,8 7,7 8,5 6,6 7,8 8,6 7,4 8,2 6,1 4,2 2,1 1,3 2,5 1,7 3,8 5,7 3,6 5,5 3,4 5,3 6,5 4,6 5,4 3,3 4,5 6,4 5,6 3,5 2,3 4,4 2,3 
151: 2,3 1,1 3,2 5,1 7,2 8,4 7,6 8,8 6,7 4,8 2,7 1,5 2,3 3,1 1,2 2,4 1,6 2,8 4,7 6,8 8,7 7,5 8,3 7,1 5,2 7,3 8,1 6,2 4,1 2,2 1,4 2,6 1,8 3,7 5,8 7,7 8,5 6,6 7,8 8,6 7,4 8,2 6,1 4,2 2,1 1,3 2,5 1,7 3,8 5,7 6,5 5,3 3,4 4,6 5,4 3,3 4,5 6,4 4,3 5,5 3,6 4,4 2,3 3,5 2,3 
152: 2,3 1,1 3,2 5,1 7,2 8,4 7,6 8,8 6,7 4,8 2,7 1,5 2,3 3,1 1,2 2,4 1,6 2,8 4,7 6,8 8,7 7,5 8,3 7,1 5,2 7,3 8,1 6,2 4,1 2,2 1,4 2,6 1,8 3,7 5,8 7,7 8,5 6,6 7,8 8,6 7,4 8,2 6,1 4,2 2,1 1,3 2,5 1,7 3,8 5,7 6,5 5,3 3,4 4,6 5,4 3,3 4,5 6,4 4,3 5,5 6,3 4,4 2,3 3,5 2,3 
153: 2,3 1,1 3,2 5,1 7,2 8,4 7,6 8,8 6,7 4,8 2,7 1,5 2,3 3,1 1,2 2,4 1,6 2,8 4,7 6,8 8,7 7,5 8,3 7,1 5,2 7,3 8,1 6,2 4,1 2,2 1,4 2,6 1,8 3,7 5,8 7,7 8,5 6,6 7,8 8,6 7,4 8,2 6,1 4,2 2,1 1,3 2,5 1,7 3,8 5,7 6,5 5,3 4,5 3,3 5,4 4,6 3,4 5,5 4,3 6,4 5,6 4,4 2,3 3,5 2,3 
154: 2,3 1,1 3,2 5,1 7,2 8,4 7,6 8,8 6,7 4,8 2,7 1,5 2,3 3,1 1,2 2,4 1,6 2,8 4,7 6,8 8,7 7,5 8,3 7,1 5,2 7,3 8,1 6,2 4,1 2,2 1,4 2,6 1,8 3,7 5,8 7,7 8,5 6,6 7,8 8,6 7,4 8,2 6,1 4,2 2,1 1,3 2,5 1,7 3,8 5,7 6,5 5,3 4,5 3,3 5,4 4,6 3,4 5,5 4,3 6,4 5,6 3,5 2,3 4,4 2,3 
155: 2,3 1,1 3,2 5,1 7,2 8,4 7,6 8,8 6,7 4,8 2,7 1,5 2,3 3,1 1,2 2,4 1,6 2,8 4,7 6,8 8,7 7,5 8,3 7,1 5,2 7,3 8,1 6,2 4,1 2,2 1,4 2,6 1,8 3,7 5,8 7,7 8,5 6,6 7,8 8,6 7,4 8,2 6,1 4,2 2,1 1,3 2,5 1,7 3,8 5,7 6,5 4,6 5,4 3,3 4,5 5,3 3,4 5,5 4,3 6,4 5,6 4,4 2,3 3,5 2,3 
156: 2,3 1,1 3,2 5,1 7,2 8,4 7,6 8,8 6,7 4,8 2,7 1,5 2,3 3,1 1,2 2,4 1,6 2,8 4,7 6,8 8,7 7,5 8,3 7,1 5,2 7,3 8,1 6,2 4,1 2,2 1,4 2,6 1,8 3,7 5,8 7,7 8,5 6,6 7,8 8,6 7,4 8,2 6,1 4,2 2,1 1,3 2,5 1,7 3,8 5,7 6,5 4,6 5,4 3,3 4,5 5,3 3,4 5,5 4,3 6,4 5,6 3,5 2,3 4,4 2,3 
157: 2,3 1,1 3,2 5,1 7,2 8,4 7,6 8,8 6,7 8,6 7,8 5,7 3,8 1,7 2,5 1,3 2,1 4,2 6,1 8,2 7,4 6,2 8,1 7,3 8,5 7,7 5,8 3,7 1,8 2,6 1,4 2,2 4,1 3,3 1,2 3,1 2,3 1,5 2,7 4,8 3,6 2,8 1,6 2,4 4,5 6,6 8,7 6,8 4,7 3,5 4,3 5,5 3,4 5,3 6,5 4,6 5,4 7,5 8,3 7,1 5,2 6,4 5,6 4,4 2,3 
158: 2,3 1,1 3,2 5,1 7,2 8,4 7,6 8,8 6,7 8,6 7,8 5,7 3,8 1,7 2,5 1,3 2,1 4,2 6,1 8,2 7,4 6,2 8,1 7,3 8,5 7,7 5,8 3,7 1,8 2,6 1,4 2,2 4,1 3,3 1,2 3,1 2,3 1,5 2,7 4,8 3,6 2,8 1,6 2,4 4,5 6,6 8,7 6,8 4,7 5,5 3,4 5,3 6,5 4,6 5,4 7,5 8,3 7,1 5,2 6,4 4,3 3,5 2,3 4,4 2,3 
159: 2,3 1,1 3,2 5,1 7,2 8,4 7,6 8,8 6,7 8,6 7,8 5,7 3,8 1,7 2,5 1,3 2,1 4,2 6,1 8,2 7,4 6,2 8,1 7,3 8,5 7,7 5,8 3,7 1,8 2,6 1,4 2,2 4,1 3,3 1,2 3,1 2,3 1,5 2,7 4,8 3,6 2,8 1,6 2,4 4,5 6,6 8,7 6,8 4,7 5,5 3,4 5,3 6,5 4,6 5,4 7,5 8,3 7,1 5,2 6,4 5,6 4,4 2,3 3,5 2,3 
160: 2,3 1,1 3,2 5,1 7,2 8,4 7,6 8,8 6,7 8,6 7,8 5,7 3,8 1,7 2,5 1,3 2,1 4,2 6,1 8,2 7,4 6,2 8,1 7,3 8,5 7,7 5,8 3,7 1,8 2,6 1,4 2,2 4,1 3,3 1,2 3,1 2,3 1,5 2,7 4,8 3,6 2,8 1,6 2,4 4,5 6,6 8,7 6,8 4,7 5,5 3,4 5,3 6,5 4,6 5,4 7,5 8,3 7,1 5,2 6,4 5,6 3,5 2,3 4,4 2,3 
161: 2,3 1,1 3,2 5,1 7,2 8,4 7,6 8,8 6,7 8,6 7,8 5,7 3,8 1,7 2,5 1,3 2,1 4,2 6,1 8,2 7,4 6,2 8,1 7,3 8,5 7,7 5,8 3,7 1,8 2,6 1,4 2,2 4,1 3,3 1,2 3,1 2,3 1,5 2,7 4,8 3,6 2,8 1,6 2,4 4,5 6,6 8,7 6,8 4,7 5,5 6,3 7,1 8,3 7,5 5,4 4,6 3,4 5,3 6,5 4,4 5,2 6,4 4,3 3,5 2,3 
162: 2,3 1,1 3,2 5,1 7,2 8,4 7,6 8,8 6,7 8,6 7,8 5,7 3,8 1,7 2,5 1,3 2,1 4,2 6,1 8,2 7,4 6,2 8,1 7,3 8,5 7,7 5,8 3,7 1,8 2,6 1,4 2,2 4,1 3,3 1,2 3,1 2,3 1,5 2,7 4,8 3,6 2,8 1,6 2,4 4,5 6,6 8,7 6,8 4,7 5,5 6,3 7,1 8,3 7,5 5,4 4,6 3,4 5,3 6,5 4,4 5,2 6,4 5,6 3,5 2,3 
163: 2,3 1,1 3,2 5,1 7,2 8,4 7,6 8,8 6,7 8,6 7,8 5,7 3,8 1,7 2,5 1,3 2,1 4,2 6,1 8,2 7,4 6,2 8,1 7,3 8,5 7,7 5,8 3,7 1,8 2,6 1,4 2,2 4,1 3,3 1,2 3,1 2,3 1,5 2,7 4,8 3,6 2,8 1,6 2,4 4,5 5,3 6,5 4,4 5,2 7,1 8,3 7,5 8,7 6,8 4,7 6,6 5,4 4,6 3,4 5,5 4,3 6,4 5,6 3,5 2,3 
164: 2,3 1,1 3,2 5,1 7,2 8,4 7,6 8,8 6,7 8,6 7,8 5,7 3,8 1,7 2,5 1,3 2,1 4,2 6,1 8,2 7,4 6,2 8,1 7,3 8,5 7,7 5,8 3,7 1,8 2,6 1,4 2,2 4,1 3,3 1,2 3,1 2,3 1,5 2,7 4,8 3,6 2,8 1,6 2,4 4,3 3,5 4,7 6,8 8,7 7,5 8,3 7,1 5,2 6,4 4,5 6,6 5,4 4,6 6,5 5,3 3,4 5,5 6,3 4,4 2,3 
165: 2,3 1,1 3,2 5,1 7,2 8,4 7,6 8,8 6,7 8,6 7,8 5,7 3,8 1,7 2,5 1,3 2,1 4,2 6,1 8,2 7,4 6,2 8,1 7,3 8,5 7,7 5,8 3,7 1,8 2,6 1,4 2,2 4,1 3,3 1,2 3,1 2,3 1,5 2,7 4,8 3,6 2,8 1,6 2,4 4,3 5,5 4,7 6,8 8,7 7,5 8,3 7,1 5,2 6,4 4,5 6,6 5,4 4,6 3,4 5,3 6,5 4,4 2,3 3,5 2,3 
166: 2,3 1,1 3,2 5,1 7,2 8,4 7,6 8,8 6,7 8,6 7,8 5,7 3,8 1,7 2,5 1,3 2,1 4,2 6,1 8,2 7,4 6,2 8,1 7,3 8,5 7,7 5,8 3,7 1,8 2,6 1,4 2,2 4,1 3,3 1,2 3,1 2,3 1,5 2,7 4,8 5,6 6,8 8,7 7,5 8,3 7,1 5,2 6,4 4,3 2,4 1,6 2,8 4,7 6,6 5,4 4,6 6,5 5,3 3,4 5,5 3,6 4,4 2,3 3,5 2,3 
167: 2,3 1,1 3,2 5,1 7,2 8,4 7,6 8,8 6,7 8,6 7,8 5,7 3,8 1,7 2,5 1,3 2,1 4,2 6,1 8,2 7,4 6,2 8,1 7,3 8,5 7,7 5,8 3,7 1,8 2,6 1,4 2,2 4,1 3,3 1,2 3,1 2,3 1,5 2,7 4,8 5,6 6,8 8,7 7,5 8,3 7,1 5,2 6,4 4,3 2,4 1,6 2,8 4,7 6,6 5,4 4,6 6,5 5,3 3,4 5,5 6,3 4,4 2,3 3,5 2,3 
168: 2,3 1,1 3,2 5,1 7,2 8,4 7,6 8,8 6,7 8,6 7,8 5,7 3,8 1,7 2,5 1,3 2,1 4,2 6,1 8,2 7,4 6,2 8,1 7,3 8,5 7,7 5,8 3,7 1,8 2,6 1,4 2,2 4,1 3,3 1,2 3,1 2,3 1,5 2,7 4,8 5,6 6,8 8,7 7,5 8,3 7,1 5,2 6,4 4,3 2,4 1,6 2,8 4,7 6,6 4,5 5,3 6,5 4,6 3,4 5,5 3,6 4,4 2,3 3,5 2,3 
169: 2,3 1,1 3,2 5,1 7,2 8,4 7,6 8,8 6,7 8,6 7,8 5,7 3,8 1,7 2,5 1,3 2,1 4,2 6,1 8,2 7,4 6,2 8,1 7,3 8,5 7,7 5,8 3,7 1,8 2,6 1,4 2,2 4,1 3,3 1,2 3,1 2,3 1,5 2,7 4,8 5,6 6,8 8,7 7,5 8,3 7,1 5,2 6,4 4,3 2,4 1,6 2,8 4,7 6,6 4,5 5,3 6,5 4,6 3,4 5,5 6,3 4,4 2,3 3,5 2,3 
170: 2,3 1,1 3,2 5,1 7,2 8,4 7,6 8,8 6,7 8,6 7,8 5,7 3,8 1,7 2,5 1,3 2,1 4,2 6,1 8,2 7,4 6,2 8,1 7,3 8,5 7,7 5,8 3,7 1,8 2,6 1,4 2,2 4,1 3,3 1,2 3,1 2,3 1,5 2,7 4,8 5,6 6,8 8,7 7,5 8,3 7,1 5,2 6,4 4,3 2,4 1,6 2,8 4,7 5,5 3,4 4,6 6,5 5,3 4,5 6,6 5,4 3,5 2,3 4,4 2,3 
171: 2,3 1,1 3,2 5,1 7,2 8,4 7,6 8,8 6,7 8,6 7,8 5,7 3,8 1,7 2,5 1,3 2,1 4,2 6,1 8,2 7,4 6,2 8,1 7,3 8,5 7,7 5,8 3,7 1,8 2,6 1,4 2,2 4,1 3,3 1,2 3,1 2,3 1,5 2,7 4,8 5,6 6,8 8,7 7,5 8,3 7,1 5,2 6,4 4,3 2,4 1,6 2,8 4,7 5,5 3,4 4,6 5,4 6,6 4,5 5,3 6,5 4,4 2,3 3,5 2,3 
172: 2,3 1,1 3,2 5,1 7,2 8,4 7,6 8,8 6,7 8,6 7,8 5,7 3,8 1,7 2,5 1,3 2,1 4,2 6,1 8,2 7,4 6,2 8,1 7,3 8,5 7,7 5,8 3,7 1,8 2,6 1,4 2,2 4,1 3,3 1,2 3,1 2,3 1,5 2,7 4,8 5,6 6,8 8,7 7,5 8,3 7,1 5,2 6,4 4,3 2,4 1,6 2,8 4,7 5,5 3,4 5,3 4,5 6,6 5,4 4,6 6,5 4,4 2,3 3,5 2,3 
173: 2,3 1,1 3,2 5,1 7,2 8,4 7,6 8,8 6,7 8,6 7,8 5,7 3,8 1,7 2,5 1,3 2,1 4,2 6,1 8,2 7,4 6,2 8,1 7,3 8,5 7,7 5,8 3,7 1,8 2,6 1,4 2,2 4,1 3,3 1,2 3,1 2,3 1,5 2,7 4,8 5,6 6,8 8,7 7,5 8,3 7,1 5,2 6,4 4,5 2,4 1,6 2,8 4,7 6,6 5,4 4,6 6,5 5,3 3,4 5,5 4,3 3,5 2,3 4,4 2,3 
174: 2,3 1,1 3,2 5,1 7,2 8,4 7,6 8,8 6,7 8,6 7,8 5,7 3,8 1,7 2,5 1,3 2,1 4,2 6,1 8,2 7,4 6,2 8,1 7,3 8,5 7,7 5,8 3,7 1,8 2,6 1,4 2,2 4,1 3,3 1,2 3,1 2,3 1,5 2,7 4,8 5,6 6,8 8,7 7,5 8,3 7,1 5,2 6,4 4,5 2,4 1,6 2,8 4,7 6,6 5,4 4,6 6,5 5,3 3,4 5,5 3,6 4,4 2,3 3,5 2,3 
175: 2,3 1,1 3,2 5,1 7,2 8,4 7,6 8,8 6,7 8,6 7,8 5,7 3,8 1,7 2,5 1,3 2,1 4,2 6,1 8,2 7,4 6,2 8,1 7,3 8,5 7,7 5,8 3,7 1,8 2,6 1,4 2,2 4,1 3,3 1,2 3,1 2,3 1,5 2,7 4,8 5,6 6,8 8,7 7,5 8,3 7,1 5,2 6,4 4,5 2,4 1,6 2,8 4,7 6,6 5,4 4,6 6,5 5,3 3,4 5,5 6,3 4,4 2,3 3,5 2,3 
176: 2,3 1,1 3,2 5,1 7,2 8,4 7,6 8,8 6,7 8,6 7,8 5,7 3,8 1,7 2,5 1,3 2,1 4,2 6,1 8,2 7,4 6,2 8,1 7,3 8,5 7,7 5,8 3,7 1,8 2,6 1,4 2,2 4,1 3,3 1,2 3,1 5,2 7,1 8,3 7,5 8,7 6,8 4,7 2,8 1,6 2,4 3,6 1,5 2,7 4,8 5,6 6,4 4,3 5,5 3,4 4,6 6,5 5,3 4,5 6,6 5,4 3,5 2,3 4,4 2,3 
177: 2,3 1,1 3,2 5,1 7,2 8,4 7,6 8,8 6,7 8,6 7,8 5,7 3,8 1,7 2,5 1,3 2,1 4,2 6,1 8,2 7,4 6,2 8,1 7,3 8,5 7,7 5,8 3,7 1,8 2,6 1,4 2,2 4,1 3,3 1,2 3,1 5,2 7,1 8,3 7,5 8,7 6,8 4,7 2,8 1,6 2,4 3,6 1,5 2,7 4,8 5,6 6,4 4,3 5,5 3,4 4,6 5,4 6,6 4,5 5,3 6,5 4,4 2,3 3,5 2,3 
178: 2,3 1,1 3,2 5,1 7,2 8,4 7,6 8,8 6,7 8,6 7,8 5,7 3,8 1,7 2,5 1,3 2,1 4,2 6,1 8,2 7,4 6,2 8,1 7,3 8,5 7,7 5,8 3,7 1,8 2,6 1,4 2,2 4,1 3,3 1,2 3,1 5,2 7,1 8,3 7,5 8,7 6,8 4,7 2,8 1,6 2,4 3,6 1,5 2,7 4,8 5,6 6,4 4,3 5,5 3,4 5,3 4,5 6,6 5,4 4,6 6,5 4,4 2,3 3,5 2,3 
179: 2,3 1,1 3,2 5,1 7,2 8,4 7,6 8,8 6,7 8,6 7,8 5,7 3,8 1,7 2,5 1,3 2,1 4,2 6,1 8,2 7,4 6,2 8,1 7,3 8,5 7,7 5,8 3,7 1,8 2,6 1,4 2,2 4,1 3,3 1,2 3,1 5,2 7,1 8,3 7,5 8,7 6,8 4,7 2,8 1,6 2,4 3,6 1,5 2,7 4,8 5,6 6,4 4,5 6,6 5,4 4,6 6,5 5,3 3,4 5,5 4,3 3,5 2,3 4,4 2,3 
180: 2,3 1,1 3,2 5,1 7,2 8,4 7,6 8,8 6,7 8,6 7,8 5,7 3,8 1,7 2,5 1,3 2,1 4,2 6,1 8,2 7,4 6,2 8,1 7,3 8,5 7,7 5,8 3,7 1,8 2,6 1,4 2,2 4,1 3,3 1,2 3,1 5,2 7,1 8,3 7,5 8,7 6,8 4,7 2,8 1,6 2,4 3,6 1,5 2,7 4,8 5,6 6,4 4,5 6,6 5,4 4,6 6,5 5,3 3,4 5,5 6,3 4,4 2,3 3,5 2,3 
181: 2,3 1,1 3,2 5,1 7,2 8,4 7,6 8,8 6,7 8,6 7,8 5,7 3,8 1,7 2,5 1,3 2,1 4,2 6,1 8,2 7,4 6,2 8,1 7,3 8,5 7,7 5,8 3,7 1,8 2,6 1,4 2,2 4,1 3,3 1,2 3,1 5,2 7,1 8,3 7,5 8,7 6,8 4,7 2,8 1,6 2,4 3,6 4,8 2,7 1,5 2,3 3,5 5,6 6,4 4,3 5,5 3,4 4,6 5,4 6,6 4,5 5,3 6,5 4,4 2,3 
182: 2,3 1,1 3,2 5,1 7,2 8,4 7,6 8,8 6,7 8,6 7,8 5,7 3,8 1,7 2,5 1,3 2,1 4,2 6,1 8,2 7,4 6,2 8,1 7,3 8,5 7,7 5,8 3,7 1,8 2,6 1,4 2,2 4,1 3,3 1,2 3,1 5,2 7,1 8,3 7,5 8,7 6,8 4,7 2,8 1,6 2,4 3,6 4,8 2,7 1,5 2,3 3,5 5,6 6,4 4,3 5,5 3,4 5,3 4,5 6,6 5,4 4,6 6,5 4,4 2,3 
183: 2,3 1,1 3,2 5,1 7,2 8,4 7,6 8,8 6,7 8,6 7,8 5,7 3,8 1,7 2,5 1,3 2,1 4,2 6,1 8,2 7,4 6,2 8,1 7,3 8,5 7,7 5,8 3,7 1,8 2,6 1,4 2,2 4,1 3,3 1,2 3,1 5,2 7,1 8,3 7,5 8,7 6,8 4,7 2,8 1,6 2,4 3,6 4,8 2,7 1,5 2,3 3,5 5,6 6,4 4,5 6,6 5,4 4,6 6,5 5,3 3,4 5,5 6,3 4,4 2,3 
184: 2,3 1,1 3,2 5,1 7,2 8,4 7,6 8,8 6,7 8,6 7,8 5,7 3,8 1,7 2,5 1,3 2,1 4,2 6,1 8,2 7,4 6,2 8,1 7,3 8,5 7,7 5,8 3,7 1,8 2,6 1,4 2,2 4,1 3,3 1,2 3,1 5,2 7,1 8,3 7,5 8,7 6,8 4,7 2,8 1,6 2,4 3,6 4,8 2,7 1,5 2,3 3,5 5,4 6,6 4,5 5,3 6,5 4,6 3,4 5,5 4,3 6,4 5,6 4,4 2,3 
185: 2,3 1,1 3,2 5,1 7,2 8,4 7,6 8,8 6,7 8,6 7,8 5,7 3,8 1,7 2,5 1,3 2,1 4,2 6,1 8,2 7,4 6,2 8,1 7,3 8,5 7,7 5,8 3,7 1,8 2,6 1,4 2,2 4,1 3,3 1,2 3,1 5,2 7,1 8,3 7,5 8,7 6,8 4,7 2,8 1,6 2,4 3,6 4,8 2,7 1,5 2,3 3,5 4,3 5,5 3,4 5,3 6,5 4,6 5,4 6,6 4,5 6,4 5,6 4,4 2,3 
186: 2,3 1,1 3,2 5,1 7,2 8,4 7,6 8,8 6,7 8,6 7,8 5,7 3,8 1,7 2,5 1,3 2,1 4,2 6,1 8,2 7,4 6,2 8,1 7,3 8,5 7,7 5,8 3,7 1,8 2,6 1,4 2,2 4,1 3,3 1,2 3,1 5,2 7,1 8,3 7,5 8,7 6,8 4,7 2,8 1,6 2,4 3,6 4,8 2,7 1,5 2,3 3,5 4,3 6,4 4,5 6,6 5,4 4,6 6,5 5,3 3,4 5,5 6,3 4,4 2,3 
187: 2,3 1,1 3,2 5,1 7,2 8,4 7,6 8,8 6,7 8,6 7,8 5,7 3,8 1,7 2,5 1,3 2,1 4,2 6,1 8,2 7,4 6,2 8,1 7,3 8,5 7,7 5,8 3,7 1,8 2,6 1,4 2,2 4,1 3,3 1,2 3,1 5,2 7,1 8,3 7,5 8,7 6,8 4,7 2,8 1,6 2,4 4,5 6,6 5,4 4,6 2,7 1,5 2,3 3,5 4,3 6,4 5,6 4,8 3,6 5,5 3,4 5,3 6,5 4,4 2,3 
188: 2,3 1,1 3,2 5,1 7,2 8,4 7,6 8,8 6,7 8,6 7,8 5,7 3,8 1,7 2,5 1,3 2,1 4,2 6,1 8,2 7,4 6,2 8,1 7,3 8,5 7,7 5,8 3,7 1,8 2,6 1,4 2,2 4,1 3,3 1,2 3,1 5,2 7,1 8,3 7,5 8,7 6,8 4,7 2,8 1,6 2,4 4,5 6,6 5,4 4,6 2,7 4,8 3,6 1,5 2,3 3,5 5,6 6,4 4,3 5,5 3,4 5,3 6,5 4,4 2,3 
189: 2,3 1,1 3,2 5,1 7,2 8,4 7,6 8,8 6,7 8,6 7,8 5,7 3,8 1,7 2,5 1,3 2,1 4,2 6,1 8,2 7,4 6,2 8,1 7,3 8,5 7,7 5,8 3,7 1,8 2,6 1,4 2,2 4,1 3,3 1,2 3,1 5,2 7,1 8,3 7,5 8,7 6,8 4,7 2,8 1,6 2,4 4,5 6,6 5,4 4,6 2,7 4,8 5,6 6,4 4,3 3,5 2,3 1,5 3,6 5,5 3,4 5,3 6,5 4,4 2,3 
190: 2,3 1,1 3,2 5,1 7,2 8,4 7,6 8,8 6,7 8,6 7,8 5,7 3,8 1,7 2,5 1,3 2,1 4,2 6,1 8,2 7,4 6,2 8,1 7,3 8,5 7,7 5,8 3,7 1,8 2,6 1,4 2,2 4,1 3,3 1,2 3,1 5,2 7,1 8,3 7,5 8,7 6,8 4,7 2,8 1,6 2,4 4,3 5,5 3,6 1,5 2,7 4,8 5,6 6,4 4,5 6,6 5,4 4,6 3,4 5,3 6,5 4,4 2,3 3,5 2,3 
191: 2,3 1,1 3,2 5,1 7,2 8,4 7,6 8,8 6,7 8,6 7,8 5,7 3,8 1,7 2,5 1,3 2,1 4,2 6,1 8,2 7,4 6,2 8,1 7,3 8,5 7,7 5,8 3,7 1,8 2,6 1,4 2,2 4,1 3,3 1,2 3,1 5,2 7,1 8,3 7,5 8,7 6,8 4,7 2,8 1,6 2,4 4,3 5,5 3,6 4,8 2,7 1,5 2,3 3,5 5,6 6,4 4,5 6,6 5,4 4,6 3,4 5,3 6,5 4,4 2,3 
192: 2,3 1,1 3,2 5,1 7,2 8,4 7,6 8,8 6,7 8,6 7,8 5,7 3,8 1,7 2,5 1,3 2,1 4,2 6,1 8,2 7,4 6,2 8,1 7,3 8,5 7,7 5,8 3,7 1,8 2,6 1,4 2,2 4,1 3,3 1,2 3,1 5,2 7,1 8,3 7,5 8,7 6,8 4,7 2,8 1,6 2,4 4,3 6,4 4,5 6,6 5,4 4,6 2,7 1,5 2,3 3,5 5,6 4,8 3,6 5,5 3,4 5,3 6,5 4,4 2,3 
193: 2,3 1,1 3,2 5,1 7,2 8,4 7,6 8,8 6,7 8,6 7,8 5,7 3,8 1,7 2,5 1,3 2,1 4,2 6,1 8,2 7,4 6,2 8,1 7,3 8,5 7,7 5,8 3,7 1,8 2,6 1,4 2,2 4,1 3,3 1,2 3,1 5,2 7,1 8,3 7,5 8,7 6,8 4,7 2,8 1,6 2,4 4,3 6,4 4,5 6,6 5,4 4,6 2,7 4,8 5,6 3,5 2,3 1,5 3,6 5,5 3,4 5,3 6,5 4,4 2,3 
194: 2,3 1,1 3,2 5,1 7,2 8,4 7,6 8,8 6,7 8,6 7,8 5,7 3,8 1,7 2,5 1,3 2,1 4,2 6,1 8,2 7,4 6,2 8,1 7,3 8,5 7,7 5,8 3,7 1,8 2,6 1,4 2,2 4,1 3,3 1,2 3,1 5,2 7,1 8,3 7,5 8,7 6,8 4,7 2,8 1,6 2,4 4,3 6,4 5,6 4,8 2,7 1,5 2,3 3,5 5,4 6,6 4,5 5,3 6,5 4,6 3,4 5,5 3,6 4,4 2,3 
195: 2,3 1,1 3,2 5,1 7,2 8,4 7,6 8,8 6,7 8,6 7,8 5,7 3,8 1,7 2,5 1,3 2,1 4,2 6,1 8,2 7,4 6,2 8,1 7,3 8,5 7,7 5,8 3,7 1,8 2,6 1,4 2,2 4,1 3,3 1,2 3,1 5,2 7,1 8,3 7,5 8,7 6,8 4,7 2,8 1,6 2,4 4,3 6,4 5,6 4,8 2,7 1,5 2,3 3,5 5,4 6,6 4,5 5,3 6,5 4,6 3,4 5,5 6,3 4,4 2,3 
196: 2,3 1,1 3,2 5,1 7,2 8,4 7,6 8,8 6,7 8,6 7,8 5,7 3,8 1,7 2,5 1,3 2,1 4,2 6,1 8,2 7,4 6,2 8,1 7,3 8,5 7,7 5,8 3,7 1,8 2,6 1,4 2,2 4,1 5,3 6,5 4,4 2,3 1,5 2,7 4,8 3,6 2,8 1,6 2,4 1,2 3,1 5,2 7,1 8,3 7,5 8,7 6,8 4,7 6,6 4,5 3,3 5,4 4,6 3,4 5,5 4,3 6,4 5,6 3,5 2,3 
197: 2,3 1,1 3,2 5,1 7,2 8,4 7,6 8,8 6,7 8,6 7,8 5,7 3,8 1,7 2,5 1,3 2,1 4,2 6,1 8,2 7,4 6,2 8,1 7,3 8,5 7,7 5,8 3,7 1,8 2,6 1,4 2,2 4,1 5,3 6,5 4,4 2,3 3,1 1,2 2,4 1,6 2,8 4,7 6,8 8,7 7,5 8,3 7,1 5,2 3,3 4,5 6,6 5,4 4,6 2,7 4,8 5,6 6,4 4,3 5,5 3,4 1,5 2,3 3,5 2,3 
198: 2,3 1,1 3,2 5,1 7,2 8,4 7,6 8,8 6,7 8,6 7,8 5,7 3,8 1,7 2,5 1,3 2,1 4,2 6,1 8,2 7,4 6,2 8,1 7,3 8,5 7,7 5,8 3,7 1,8 2,6 1,4 2,2 4,1 5,3 6,5 4,4 2,3 3,1 1,2 2,4 1,6 2,8 4,7 6,8 8,7 7,5 8,3 7,1 5,2 3,3 4,5 6,6 5,4 4,6 2,7 4,8 5,6 6,4 4,3 5,5 3,6 1,5 2,3 3,5 2,3 
199: 2,3 1,1 3,2 5,1 7,2 8,4 7,6 8,8 6,7 8,6 7,8 5,7 3,8 1,7 2,5 1,3 2,1 4,2 6,1 8,2 7,4 6,2 8,1 7,3 8,5 7,7 5,8 3,7 1,8 2,6 1,4 2,2 4,1 5,3 6,5 4,6 2,7 1,5 2,3 3,1 1,2 2,4 1,6 2,8 4,7 6,8 8,7 7,5 8,3 7,1 5,2 3,3 4,5 6,6 5,4 3,5 4,3 6,4 5,6 4,8 3,6 5,5 6,3 4,4 2,3 
200: 2,3 1,1 3,2 5,1 7,2 8,4 7,6 8,8 6,7 8,6 7,8 5,7 3,8 1,7 2,5 1,3 2,1 4,2 6,1 8,2 7,4 6,2 8,1 7,3 8,5 7,7 5,8 3,7 1,8 2,6 1,4 2,2 4,1 5,3 6,5 4,6 2,7 1,5 2,3 3,1 1,2 2,4 1,6 2,8 4,7 6,8 8,7 7,5 8,3 7,1 5,2 3,3 5,4 6,6 4,5 6,4 4,3 5,5 3,6 4,8 5,6 4,4 2,3 3,5 2,3 
201: 2,3 1,1 3,2 5,1 7,2 8,4 7,6 8,8 6,7 8,6 7,8 5,7 3,8 1,7 2,5 1,3 2,1 4,2 6,1 8,2 7,4 6,2 8,1 7,3 8,5 7,7 5,8 3,7 1,8 2,6 1,4 2,2 4,1 5,3 6,5 4,6 2,7 1,5 2,3 3,1 1,2 2,4 1,6 2,8 4,7 6,8 8,7 7,5 8,3 7,1 5,2 3,3 5,4 6,6 4,5 6,4 4,3 5,5 3,6 4,8 5,6 3,5 2,3 4,4 2,3 
202: 2,3 1,1 3,2 5,1 7,2 8,4 7,6 8,8 6,7 8,6 7,8 5,7 3,8 1,7 2,5 1,3 2,1 4,2 6,1 8,2 7,4 6,2 8,1 7,3 8,5 7,7 5,8 3,7 1,8 2,6 1,4 2,2 4,1 5,3 6,5 4,6 2,7 1,5 2,3 3,1 1,2 2,4 1,6 2,8 4,7 6,8 8,7 7,5 8,3 7,1 5,2 3,3 5,4 6,6 4,5 6,4 5,6 4,8 3,6 5,5 4,3 3,5 2,3 4,4 2,3 
203: 2,3 1,1 3,2 5,1 7,2 8,4 7,6 8,8 6,7 8,6 7,8 5,7 3,8 1,7 2,5 1,3 2,1 4,2 6,1 8,2 7,4 6,2 8,1 7,3 8,5 7,7 5,8 3,7 1,8 2,6 1,4 2,2 4,1 5,3 6,5 4,6 2,7 1,5 2,3 3,1 1,2 2,4 1,6 2,8 4,7 6,8 8,7 7,5 8,3 7,1 5,2 3,3 5,4 6,6 4,5 6,4 5,6 4,8 3,6 5,5 6,3 4,4 2,3 3,5 2,3 
204: 2,3 1,1 3,2 5,1 7,2 8,4 7,6 8,8 6,7 8,6 7,8 5,7 3,8 1,7 2,5 1,3 2,1 4,2 6,1 8,2 7,4 6,2 8,1 7,3 8,5 7,7 5,8 3,7 1,8 2,6 1,4 2,2 4,1 5,3 6,5 4,6 2,7 4,8 3,6 2,8 1,6 2,4 1,2 3,1 2,3 1,5 3,4 5,5 4,7 6,8 8,7 7,5 8,3 7,1 5,2 3,3 4,5 6,6 5,4 3,5 4,3 6,4 5,6 4,4 2,3 
205: 2,3 1,1 3,2 5,1 7,2 8,4 7,6 8,8 6,7 8,6 7,8 5,7 3,8 1,7 2,5 1,3 2,1 4,2 6,1 8,2 7,4 6,2 8,1 7,3 8,5 7,7 5,8 3,7 1,8 2,6 1,4 2,2 4,1 5,3 6,5 4,6 2,7 4,8 3,6 2,8 1,6 2,4 1,2 3,1 2,3 1,5 3,4 5,5 4,7 6,8 8,7 7,5 8,3 7,1 5,2 3,3 5,4 6,6 4,5 6,4 4,3 3,5 2,3 4,4 2,3 
206: 2,3 1,1 3,2 5,1 7,2 8,4 7,6 8,8 6,7 8,6 7,8 5,7 3,8 1,7 2,5 1,3 2,1 4,2 6,1 8,2 7,4 6,2 8,1 7,3 8,5 7,7 5,8 3,7 1,8 2,6 1,4 2,2 4,1 5,3 6,5 4,6 2,7 4,8 3,6 2,8 1,6 2,4 1,2 3,1 2,3 1,5 3,4 5,5 4,7 6,8 8,7 7,5 8,3 7,1 5,2 3,3 5,4 6,6 4,5 6,4 5,6 4,4 2,3 3,5 2,3 
207: 2,3 1,1 3,2 5,1 7,2 8,4 7,6 8,8 6,7 8,6 7,8 5,7 3,8 1,7 2,5 1,3 2,1 4,2 6,1 8,2 7,4 6,2 8,1 7,3 8,5 7,7 5,8 3,7 1,8 2,6 1,4 2,2 4,1 5,3 6,5 4,6 2,7 4,8 3,6 2,8 1,6 2,4 1,2 3,1 2,3 1,5 3,4 5,5 4,7 6,8 8,7 7,5 8,3 7,1 5,2 3,3 5,4 6,6 4,5 6,4 5,6 3,5 2,3 4,4 2,3 
208: 2,3 1,1 3,2 5,1 7,2 8,4 7,6 8,8 6,7 8,6 7,8 5,7 3,8 1,7 2,5 1,3 2,1 4,2 6,1 8,2 7,4 6,2 8,1 7,3 8,5 7,7 5,8 3,7 1,8 2,6 1,4 2,2 4,1 5,3 6,5 4,6 2,7 4,8 3,6 2,8 1,6 2,4 1,2 3,1 5,2 7,1 8,3 7,5 8,7 6,8 4,7 6,6 5,4 3,3 4,5 6,4 4,3 3,5 2,3 1,5 3,4 5,5 6,3 4,4 2,3 
209: 2,3 1,1 3,2 5,1 7,2 8,4 7,6 8,8 6,7 8,6 7,8 5,7 3,8 1,7 2,5 1,3 2,1 4,2 6,1 8,2 7,4 6,2 8,1 7,3 8,5 7,7 5,8 3,7 1,8 2,6 1,4 2,2 4,1 5,3 6,5 4,6 2,7 4,8 3,6 2,8 1,6 2,4 1,2 3,1 5,2 7,1 8,3 7,5 8,7 6,8 4,7 6,6 5,4 3,3 4,5 6,4 4,3 5,5 3,4 1,5 2,3 3,5 5,6 4,4 2,3 
210: 2,3 1,1 3,2 5,1 7,2 8,4 7,6 8,8 6,7 8,6 7,8 5,7 3,8 1,7 2,5 1,3 2,1 4,2 6,1 8,2 7,4 6,2 8,1 7,3 8,5 7,7 5,8 3,7 1,8 2,6 1,4 2,2 4,1 5,3 6,5 4,6 2,7 4,8 3,6 2,8 1,6 2,4 1,2 3,1 5,2 7,1 8,3 7,5 8,7 6,8 4,7 6,6 5,4 3,3 4,5 6,4 4,3 5,5 3,4 1,5 2,3 4,4 2,3 3,5 2,3 
211: 2,3 1,1 3,2 5,1 7,2 8,4 7,6 8,8 6,7 8,6 7,8 5,7 3,8 1,7 2,5 1,3 2,1 4,2 6,1 8,2 7,4 6,2 8,1 7,3 8,5 7,7 5,8 3,7 1,8 2,6 1,4 2,2 4,1 5,3 6,5 4,6 2,7 4,8 3,6 2,8 1,6 2,4 1,2 3,1 5,2 7,1 8,3 7,5 8,7 6,8 4,7 6,6 5,4 3,3 4,5 6,4 5,6 4,4 2,3 1,5 3,4 5,5 4,3 3,5 2,3 
212: 2,3 1,1 3,2 5,1 7,2 8,4 7,6 8,8 6,7 8,6 7,8 5,7 3,8 1,7 2,5 1,3 2,1 4,2 6,1 8,2 7,4 6,2 8,1 7,3 8,5 7,7 5,8 3,7 1,8 2,6 1,4 2,2 4,1 5,3 6,5 4,6 2,7 4,8 3,6 2,8 1,6 2,4 1,2 3,1 5,2 7,1 8,3 7,5 8,7 6,8 4,7 6,6 5,4 3,3 4,5 6,4 5,6 3,5 2,3 1,5 3,4 5,5 6,3 4,4 2,3 
213: 2,3 1,1 3,2 5,1 7,2 8,4 7,6 8,8 6,7 8,6 7,8 5,7 3,8 1,7 2,5 1,3 2,1 4,2 6,1 8,2 7,4 6,2 8,1 7,3 8,5 7,7 5,8 3,7 1,8 2,6 1,4 2,2 4,1 5,3 6,5 4,6 2,7 4,8 3,6 2,8 1,6 2,4 1,2 3,1 5,2 7,1 8,3 7,5 8,7 6,8 4,7 6,6 4,5 3,3 5,4 3,5 2,3 1,5 3,4 5,5 4,3 6,4 5,6 4,4 2,3 
214: 2,3 1,1 3,2 5,1 7,2 8,4 7,6 8,8 6,7 8,6 7,8 5,7 3,8 1,7 2,5 1,3 2,1 4,2 6,1 8,2 7,4 6,2 8,1 7,3 8,5 7,7 5,8 3,7 1,8 2,6 1,4 2,2 4,1 5,3 6,5 4,6 2,7 4,8 5,6 6,8 8,7 7,5 8,3 7,1 5,2 3,1 1,2 2,4 1,6 2,8 4,7 6,6 5,4 3,3 4,5 6,4 4,3 3,5 2,3 1,5 3,6 5,5 6,3 4,4 2,3 
215: 2,3 1,1 3,2 5,1 7,2 8,4 7,6 8,8 6,7 8,6 7,8 5,7 3,8 1,7 2,5 1,3 2,1 4,2 6,1 8,2 7,4 6,2 8,1 7,3 8,5 7,7 5,8 3,7 1,8 2,6 1,4 2,2 4,1 5,3 6,5 4,6 2,7 4,8 5,6 6,8 8,7 7,5 8,3 7,1 5,2 3,1 1,2 2,4 1,6 2,8 4,7 6,6 5,4 3,3 4,5 6,4 4,3 3,5 2,3 1,5 3,4 5,5 3,6 4,4 2,3 
216: 2,3 1,1 3,2 5,1 7,2 8,4 7,6 8,8 6,7 8,6 7,8 5,7 3,8 1,7 2,5 1,3 2,1 4,2 6,1 8,2 7,4 6,2 8,1 7,3 8,5 7,7 5,8 3,7 1,8 2,6 1,4 2,2 4,1 5,3 6,5 4,6 2,7 4,8 5,6 6,8 8,7 7,5 8,3 7,1 5,2 3,1 1,2 2,4 1,6 2,8 4,7 6,6 5,4 3,3 4,5 6,4 4,3 3,5 2,3 1,5 3,4 5,5 6,3 4,4 2,3 
