KT: 6x6, strategy = 1, start = 2,3

1: 2,3 1,1 3,2 5,1 6,3 5,5 3,6 1,5 3,4 2,6 1,4 2,2 4,1 6,2 5,4 6,6 4,5 6,4 5,6 4,4 5,2 3,1 4,3 3,5 1,6 2,4 1,2 3,3 2,1 1,3 2,5 4,6 6,5 5,3 6,1 4,2
2: 2,3 1,1 3,2 5,1 6,3 5,5 3,6 1,5 3,4 2,6 1,4 2,2 4,1 6,2 5,4 6,6 4,5 6,4 5,2 4,4 5,6 3,5 1,6 2,4 4,3 3,1 1,2 3,3 2,1 1,3 2,5 4,6 6,5 5,3 6,1 4,2
3: 2,3 1,1 3,2 5,1 6,3 5,5 3,6 1,5 3,4 2,6 1,4 2,2 4,1 6,2 5,4 6,6 4,5 6,4 4,3 3,1 1,2 2,4 1,6 3,5 5,6 4,4 5,2 3,3 2,1 1,3 2,5 4,6 6,5 5,3 6,1 4,2
4: 2,3 1,1 3,2 5,1 6,3 5,5 3,6 1,5 3,4 2,6 1,4 2,2 4,1 6,2 5,4 6,6 4,5 6,4 4,3 3,1 5,2 4,4 5,6 3,5 1,6 2,4 1,2 3,3 2,1 1,3 2,5 4,6 6,5 5,3 6,1 4,2
5: 2,3 1,1 3,2 5,1 6,3 5,5 3,6 1,5 3,4 2,6 1,4 2,2 4,1 6,2 5,4 6,6 4,5 6,4 4,3 2,4 1,6 3,5 5,6 4,4 5,2 3,1 1,2 3,3 2,1 1,3 2,5 4,6 6,5 5,3 6,1 4,2
6: 2,3 1,1 3,2 5,1 6,3 5,5 3,6 1,5 3,4 2,6 1,4 2,2 4,1 6,2 5,4 6,6 4,5 5,3 6,1 4,2 2,1 1,3 2,5 4,6 6,5 4,4 5,6 6,4 5,2 3,3 1,2 3,1 4,3 2,4 1,6 3,5
7: 2,3 1,1 3,2 5,1 6,3 5,5 3,6 1,5 3,4 2,6 1,4 2,2 4,1 6,2 5,4 6,6 4,5 5,3 6,1 4,2 2,1 1,3 2,5 4,6 6,5 4,4 5,6 6,4 5,2 3,3 1,2 2,4 1,6 3,5 4,3 3,1
8: 2,3 1,1 3,2 5,1 6,3 5,5 3,6 1,5 3,4 2,6 1,4 2,2 4,1 6,2 5,4 6,6 4,5 5,3 6,1 4,2 2,1 1,3 2,5 4,6 6,5 4,4 5,6 6,4 4,3 3,1 5,2 3,3 1,2 2,4 1,6 3,5
9: 2,3 1,1 3,2 5,1 6,3 5,5 3,6 1,5 3,4 2,6 1,4 2,2 4,1 6,2 5,4 6,6 4,5 5,3 6,1 4,2 2,1 1,3 2,5 4,6 6,5 4,4 5,6 6,4 4,3 3,5 1,6 2,4 1,2 3,3 5,2 3,1
10: 2,3 1,1 3,2 5,1 6,3 5,5 3,6 1,5 3,4 2,6 1,4 2,2 4,1 6,2 5,4 6,6 4,5 5,3 6,1 4,2 2,1 1,3 2,5 4,6 6,5 4,4 5,6 3,5 1,6 2,4 1,2 3,3 5,2 6,4 4,3 3,1
11: 2,3 1,1 3,2 5,1 6,3 5,5 3,6 1,5 3,4 2,6 1,4 2,2 4,1 6,2 5,4 6,6 4,5 5,3 6,1 4,2 2,1 1,3 2,5 4,6 6,5 4,4 5,6 3,5 1,6 2,4 4,3 6,4 5,2 3,3 1,2 3,1
12: 2,3 1,1 3,2 5,1 6,3 5,5 3,6 1,5 3,4 2,6 1,4 2,2 4,1 6,2 5,4 6,6 4,5 5,3 6,1 4,2 2,1 1,3 2,5 4,6 6,5 4,4 5,2 3,3 1,2 2,4 1,6 3,5 5,6 6,4 4,3 3,1
13: 2,3 1,1 3,2 5,1 6,3 5,5 3,6 1,5 3,4 2,6 1,4 2,2 4,1 6,2 5,4 6,6 4,5 2,4 1,6 3,5 5,6 4,4 5,2 6,4 4,3 3,1 1,2 3,3 2,1 1,3 2,5 4,6 6,5 5,3 6,1 4,2
14: 2,3 1,1 3,2 5,1 6,3 5,5 3,6 1,5 3,4 2,6 1,4 2,2 4,1 6,2 5,4 6,6 4,5 2,4 1,6 3,5 4,3 6,4 5,6 4,4 5,2 3,1 1,2 3,3 2,1 1,3 2,5 4,6 6,5 5,3 6,1 4,2
15: 2,3 1,1 3,2 5,1 6,3 5,5 3,6 1,5 3,4 2,6 1,4 2,2 4,1 6,2 4,3 3,1 1,2 2,4 1,6 3,5 5,6 6,4 5,2 3,3 2,1 1,3 2,5 4,4 6,5 4,6 5,4 6,6 4,5 5,3 6,1 4,2
16: 2,3 1,1 3,2 5,1 6,3 5,5 3,6 1,5 3,4 2,6 1,4 2,2 4,1 6,2 4,3 3,1 1,2 2,4 1,6 3,5 5,6 6,4 5,2 3,3 2,5 1,3 2,1 4,2 6,1 5,3 4,5 6,6 5,4 4,6 6,5 4,4
17: 2,3 1,1 3,2 5,1 6,3 5,5 3,6 1,5 3,4 2,6 1,4 2,2 4,1 6,2 4,3 3,1 1,2 2,4 1,6 3,5 5,6 6,4 5,2 3,3 4,5 6,6 5,4 4,6 6,5 5,3 6,1 4,2 2,1 1,3 2,5 4,4
18: 2,3 1,1 3,2 5,1 6,3 5,5 3,6 1,5 3,4 2,6 1,4 2,2 4,1 6,2 4,3 3,1 1,2 2,4 1,6 3,5 5,6 6,4 5,2 3,3 4,5 6,6 5,4 4,6 2,5 1,3 2,1 4,2 6,1 5,3 6,5 4,4
19: 2,3 1,1 3,2 5,1 6,3 5,5 3,6 1,5 3,4 2,6 1,4 2,2 4,1 6,2 4,3 3,1 1,2 2,4 1,6 3,5 5,6 6,4 5,2 3,3 5,4 6,6 4,5 5,3 6,1 4,2 2,1 1,3 2,5 4,6 6,5 4,4
20: 2,3 1,1 3,2 5,1 6,3 5,5 3,6 1,5 3,4 2,6 1,4 2,2 4,1 6,2 4,3 3,1 1,2 2,4 1,6 3,5 5,6 6,4 5,2 4,4 6,5 4,6 2,5 1,3 2,1 3,3 5,4 6,6 4,5 5,3 6,1 4,2
21: 2,3 1,1 3,2 5,1 6,3 5,5 3,6 1,5 3,4 2,6 1,4 2,2 4,1 6,2 4,3 3,1 1,2 2,4 1,6 3,5 5,6 6,4 5,2 4,4 2,5 1,3 2,1 3,3 4,5 6,6 5,4 4,6 6,5 5,3 6,1 4,2
22: 2,3 1,1 3,2 5,1 6,3 5,5 3,6 1,5 3,4 2,6 1,4 2,2 4,1 6,2 4,3 3,1 1,2 2,4 1,6 3,5 5,6 6,4 4,5 6,6 5,4 4,6 6,5 5,3 6,1 4,2 2,1 1,3 2,5 3,3 5,2 4,4
23: 2,3 1,1 3,2 5,1 6,3 5,5 3,6 1,5 3,4 2,6 1,4 2,2 4,1 6,2 4,3 3,1 1,2 2,4 1,6 3,5 5,6 6,4 4,5 6,6 5,4 4,6 2,5 1,3 2,1 3,3 5,2 4,4 6,5 5,3 6,1 4,2
24: 2,3 1,1 3,2 5,1 6,3 5,5 3,6 1,5 3,4 2,6 1,4 2,2 4,1 6,2 4,3 3,1 1,2 2,4 1,6 3,5 5,6 6,4 4,5 6,6 5,4 4,2 6,1 5,3 6,5 4,6 2,5 1,3 2,1 3,3 5,2 4,4
25: 2,3 1,1 3,2 5,1 6,3 5,5 3,6 1,5 3,4 2,6 1,4 2,2 4,1 6,2 4,3 3,1 1,2 2,4 1,6 3,5 5,6 4,4 5,2 6,4 4,5 6,6 5,4 3,3 2,1 1,3 2,5 4,6 6,5 5,3 6,1 4,2
26: 2,3 1,1 3,2 5,1 6,3 5,5 3,6 1,5 3,4 2,6 1,4 2,2 4,1 6,2 4,3 3,1 1,2 2,4 1,6 3,5 5,6 4,4 2,5 1,3 2,1 3,3 5,2 6,4 4,5 6,6 5,4 4,6 6,5 5,3 6,1 4,2
27: 2,3 1,1 3,2 5,1 6,3 5,5 3,6 1,5 3,4 2,6 1,4 2,2 4,1 6,2 4,3 3,1 1,2 2,4 1,6 3,5 5,4 6,6 4,5 6,4 5,6 4,4 5,2 3,3 2,1 1,3 2,5 4,6 6,5 5,3 6,1 4,2
28: 2,3 1,1 3,2 5,1 6,3 5,5 3,6 1,5 3,4 2,6 1,4 2,2 4,1 6,2 4,3 3,1 1,2 3,3 2,1 1,3 2,5 4,6 6,5 5,3 6,1 4,2 5,4 6,6 4,5 2,4 1,6 3,5 5,6 6,4 5,2 4,4
29: 2,3 1,1 3,2 5,1 6,3 5,5 3,6 1,5 3,4 2,6 1,4 2,2 4,1 6,2 4,3 3,1 1,2 3,3 2,1 1,3 2,5 4,6 5,4 6,6 4,5 2,4 1,6 3,5 5,6 6,4 5,2 4,4 6,5 5,3 6,1 4,2
30: 2,3 1,1 3,2 5,1 6,3 5,5 3,6 1,5 3,4 2,6 1,4 2,2 4,1 6,2 4,3 3,1 1,2 3,3 2,1 1,3 2,5 4,4 5,2 6,4 5,6 3,5 1,6 2,4 4,5 6,6 5,4 4,6 6,5 5,3 6,1 4,2
31: 2,3 1,1 3,2 5,1 6,3 5,5 3,6 1,5 3,4 2,6 1,4 2,2 4,1 6,2 4,3 3,1 1,2 3,3 5,2 6,4 5,6 3,5 1,6 2,4 4,5 6,6 5,4 4,6 6,5 5,3 6,1 4,2 2,1 1,3 2,5 4,4
32: 2,3 1,1 3,2 5,1 6,3 5,5 3,6 1,5 3,4 2,6 1,4 2,2 4,1 6,2 4,3 3,1 1,2 3,3 5,2 6,4 5,6 3,5 1,6 2,4 4,5 6,6 5,4 4,6 2,5 1,3 2,1 4,2 6,1 5,3 6,5 4,4
33: 2,3 1,1 3,2 5,1 6,3 5,5 3,6 1,5 3,4 2,6 1,4 2,2 4,1 6,2 4,3 3,1 1,2 3,3 5,2 6,4 5,6 4,4 6,5 5,3 6,1 4,2 2,1 1,3 2,5 4,6 5,4 6,6 4,5 2,4 1,6 3,5
34: 2,3 1,1 3,2 5,1 6,3 5,5 3,6 1,5 3,4 2,6 1,4 2,2 4,1 6,2 4,3 3,1 1,2 3,3 5,2 6,4 5,6 4,4 2,5 1,3 2,1 4,2 6,1 5,3 6,5 4,6 5,4 6,6 4,5 2,4 1,6 3,5
35: 2,3 1,1 3,2 5,1 6,3 5,5 3,6 1,5 3,4 2,6 1,4 2,2 4,1 6,2 4,3 3,1 1,2 3,3 2,5 1,3 2,1 4,2 6,1 5,3 6,5 4,6 5,4 6,6 4,5 2,4 1,6 3,5 5,6 6,4 5,2 4,4
36: 2,3 1,1 3,2 5,1 6,3 5,5 3,6 1,5 3,4 2,6 1,4 2,2 4,1 6,2 4,3 3,1 5,2 6,4 5,6 3,5 1,6 2,4 1,2 3,3 2,1 1,3 2,5 4,4 6,5 4,6 5,4 6,6 4,5 5,3 6,1 4,2
37: 2,3 1,1 3,2 5,1 6,3 5,5 3,6 1,5 3,4 2,6 1,4 2,2 4,1 6,2 4,3 3,1 5,2 6,4 5,6 3,5 1,6 2,4 1,2 3,3 2,5 1,3 2,1 4,2 6,1 5,3 4,5 6,6 5,4 4,6 6,5 4,4
38: 2,3 1,1 3,2 5,1 6,3 5,5 3,6 1,5 3,4 2,6 1,4 2,2 4,1 6,2 4,3 3,1 5,2 6,4 5,6 3,5 1,6 2,4 1,2 3,3 4,5 6,6 5,4 4,6 6,5 5,3 6,1 4,2 2,1 1,3 2,5 4,4
39: 2,3 1,1 3,2 5,1 6,3 5,5 3,6 1,5 3,4 2,6 1,4 2,2 4,1 6,2 4,3 3,1 5,2 6,4 5,6 3,5 1,6 2,4 1,2 3,3 4,5 6,6 5,4 4,6 2,5 1,3 2,1 4,2 6,1 5,3 6,5 4,4
40: 2,3 1,1 3,2 5,1 6,3 5,5 3,6 1,5 3,4 2,6 1,4 2,2 4,1 6,2 4,3 3,1 5,2 6,4 5,6 3,5 1,6 2,4 1,2 3,3 5,4 6,6 4,5 5,3 6,1 4,2 2,1 1,3 2,5 4,6 6,5 4,4
41: 2,3 1,1 3,2 5,1 6,3 5,5 3,6 1,5 3,4 2,6 1,4 2,2 4,1 6,2 4,3 3,1 5,2 6,4 5,6 4,4 6,5 4,6 2,5 1,3 2,1 4,2 6,1 5,3 4,5 6,6 5,4 3,3 1,2 2,4 1,6 3,5
42: 2,3 1,1 3,2 5,1 6,3 5,5 3,6 1,5 3,4 2,6 1,4 2,2 4,1 6,2 4,3 3,1 5,2 6,4 5,6 4,4 6,5 4,6 2,5 1,3 2,1 3,3 1,2 2,4 1,6 3,5 5,4 6,6 4,5 5,3 6,1 4,2
43: 2,3 1,1 3,2 5,1 6,3 5,5 3,6 1,5 3,4 2,6 1,4 2,2 4,1 6,2 4,3 3,1 5,2 6,4 5,6 4,4 6,5 4,6 5,4 6,6 4,5 5,3 6,1 4,2 2,1 1,3 2,5 3,3 1,2 2,4 1,6 3,5
44: 2,3 1,1 3,2 5,1 6,3 5,5 3,6 1,5 3,4 2,6 1,4 2,2 4,1 6,2 4,3 3,1 5,2 6,4 5,6 4,4 6,5 5,3 6,1 4,2 2,1 1,3 2,5 4,6 5,4 6,6 4,5 3,3 1,2 2,4 1,6 3,5
45: 2,3 1,1 3,2 5,1 6,3 5,5 3,6 1,5 3,4 2,6 1,4 2,2 4,1 6,2 4,3 3,1 5,2 6,4 5,6 4,4 2,5 1,3 2,1 4,2 6,1 5,3 6,5 4,6 5,4 6,6 4,5 3,3 1,2 2,4 1,6 3,5
46: 2,3 1,1 3,2 5,1 6,3 5,5 3,6 1,5 3,4 2,6 1,4 2,2 4,1 6,2 4,3 3,1 5,2 6,4 4,5 6,6 5,4 4,6 6,5 5,3 6,1 4,2 2,1 1,3 2,5 3,3 1,2 2,4 1,6 3,5 5,6 4,4
47: 2,3 1,1 3,2 5,1 6,3 5,5 3,6 1,5 3,4 2,6 1,4 2,2 4,1 6,2 4,3 3,1 5,2 6,4 4,5 6,6 5,4 4,6 2,5 1,3 2,1 3,3 1,2 2,4 1,6 3,5 5,6 4,4 6,5 5,3 6,1 4,2
48: 2,3 1,1 3,2 5,1 6,3 5,5 3,6 1,5 3,4 2,6 1,4 2,2 4,1 6,2 4,3 3,1 5,2 6,4 4,5 6,6 5,4 4,2 6,1 5,3 6,5 4,6 2,5 1,3 2,1 3,3 1,2 2,4 1,6 3,5 5,6 4,4
49: 2,3 1,1 3,2 5,1 6,3 5,5 3,6 1,5 3,4 2,6 1,4 2,2 4,1 6,2 4,3 3,1 5,2 3,3 1,2 2,4 1,6 3,5 5,6 6,4 4,5 6,6 5,4 4,6 6,5 5,3 6,1 4,2 2,1 1,3 2,5 4,4
50: 2,3 1,1 3,2 5,1 6,3 5,5 3,6 1,5 3,4 2,6 1,4 2,2 4,1 6,2 4,3 3,1 5,2 3,3 1,2 2,4 1,6 3,5 5,6 6,4 4,5 6,6 5,4 4,6 2,5 1,3 2,1 4,2 6,1 5,3 6,5 4,4
51: 2,3 1,1 3,2 5,1 6,3 5,5 3,6 1,5 3,4 2,6 1,4 2,2 4,1 6,2 4,3 3,1 5,2 4,4 5,6 6,4 4,5 6,6 5,4 4,6 6,5 5,3 6,1 4,2 2,1 1,3 2,5 3,3 1,2 2,4 1,6 3,5
52: 2,3 1,1 3,2 5,1 6,3 5,5 3,6 1,5 3,4 2,6 1,4 2,2 4,1 6,2 4,3 3,1 5,2 4,4 5,6 6,4 4,5 6,6 5,4 4,2 6,1 5,3 6,5 4,6 2,5 1,3 2,1 3,3 1,2 2,4 1,6 3,5
53: 2,3 1,1 3,2 5,1 6,3 5,5 3,6 1,5 3,4 2,6 1,4 2,2 4,1 6,2 4,3 3,1 5,2 4,4 5,6 6,4 4,5 6,6 5,4 3,5 1,6 2,4 1,2 3,3 2,1 1,3 2,5 4,6 6,5 5,3 6,1 4,2
54: 2,3 1,1 3,2 5,1 6,3 5,5 3,6 1,5 3,4 2,6 1,4 2,2 4,1 6,2 4,3 3,1 5,2 4,4 2,5 1,3 2,1 3,3 1,2 2,4 1,6 3,5 5,6 6,4 4,5 6,6 5,4 4,6 6,5 5,3 6,1 4,2
55: 2,3 1,1 3,2 5,1 6,3 5,5 3,6 1,5 3,4 2,6 1,4 2,2 4,1 6,2 4,3 6,4 5,6 3,5 1,6 2,4 1,2 3,1 5,2 3,3 2,1 1,3 2,5 4,4 6,5 4,6 5,4 6,6 4,5 5,3 6,1 4,2
56: 2,3 1,1 3,2 5,1 6,3 5,5 3,6 1,5 3,4 2,6 1,4 2,2 4,1 6,2 4,3 6,4 5,6 3,5 1,6 2,4 1,2 3,1 5,2 3,3 2,5 1,3 2,1 4,2 6,1 5,3 4,5 6,6 5,4 4,6 6,5 4,4
57: 2,3 1,1 3,2 5,1 6,3 5,5 3,6 1,5 3,4 2,6 1,4 2,2 4,1 6,2 4,3 6,4 5,6 3,5 1,6 2,4 1,2 3,1 5,2 3,3 4,5 6,6 5,4 4,6 6,5 5,3 6,1 4,2 2,1 1,3 2,5 4,4
58: 2,3 1,1 3,2 5,1 6,3 5,5 3,6 1,5 3,4 2,6 1,4 2,2 4,1 6,2 4,3 6,4 5,6 3,5 1,6 2,4 1,2 3,1 5,2 3,3 4,5 6,6 5,4 4,6 2,5 1,3 2,1 4,2 6,1 5,3 6,5 4,4
59: 2,3 1,1 3,2 5,1 6,3 5,5 3,6 1,5 3,4 2,6 1,4 2,2 4,1 6,2 4,3 6,4 5,6 3,5 1,6 2,4 1,2 3,1 5,2 3,3 5,4 6,6 4,5 5,3 6,1 4,2 2,1 1,3 2,5 4,6 6,5 4,4
60: 2,3 1,1 3,2 5,1 6,3 5,5 3,6 1,5 3,4 2,6 1,4 2,2 4,1 6,2 4,3 6,4 5,6 3,5 1,6 2,4 1,2 3,1 5,2 4,4 6,5 4,6 2,5 1,3 2,1 3,3 5,4 6,6 4,5 5,3 6,1 4,2
61: 2,3 1,1 3,2 5,1 6,3 5,5 3,6 1,5 3,4 2,6 1,4 2,2 4,1 6,2 4,3 6,4 5,6 3,5 1,6 2,4 1,2 3,1 5,2 4,4 2,5 1,3 2,1 3,3 4,5 6,6 5,4 4,6 6,5 5,3 6,1 4,2
62: 2,3 1,1 3,2 5,1 6,3 5,5 3,6 1,5 3,4 2,6 1,4 2,2 4,1 6,2 4,3 6,4 5,6 3,5 1,6 2,4 1,2 3,3 2,5 1,3 2,1 4,2 6,1 5,3 4,5 6,6 5,4 4,6 6,5 4,4 5,2 3,1
63: 2,3 1,1 3,2 5,1 6,3 5,5 3,6 1,5 3,4 2,6 1,4 2,2 4,1 6,2 4,3 6,4 5,6 3,5 1,6 2,4 1,2 3,3 4,5 6,6 5,4 4,6 6,5 5,3 6,1 4,2 2,1 1,3 2,5 4,4 5,2 3,1
64: 2,3 1,1 3,2 5,1 6,3 5,5 3,6 1,5 3,4 2,6 1,4 2,2 4,1 6,2 4,3 6,4 5,6 3,5 1,6 2,4 1,2 3,3 4,5 6,6 5,4 4,6 2,5 1,3 2,1 4,2 6,1 5,3 6,5 4,4 5,2 3,1
65: 2,3 1,1 3,2 5,1 6,3 5,5 3,6 1,5 3,4 2,6 1,4 2,2 4,1 6,2 4,3 6,4 5,6 3,5 1,6 2,4 1,2 3,3 5,4 6,6 4,5 5,3 6,1 4,2 2,1 1,3 2,5 4,6 6,5 4,4 5,2 3,1
66: 2,3 1,1 3,2 5,1 6,3 5,5 3,6 1,5 3,4 2,6 1,4 2,2 4,1 6,2 4,3 6,4 5,6 3,5 1,6 2,4 4,5 6,6 5,4 4,6 6,5 5,3 6,1 4,2 2,1 1,3 2,5 4,4 5,2 3,3 1,2 3,1
67: 2,3 1,1 3,2 5,1 6,3 5,5 3,6 1,5 3,4 2,6 1,4 2,2 4,1 6,2 4,3 6,4 5,6 3,5 1,6 2,4 4,5 6,6 5,4 4,6 6,5 5,3 6,1 4,2 2,1 1,3 2,5 3,3 1,2 3,1 5,2 4,4
68: 2,3 1,1 3,2 5,1 6,3 5,5 3,6 1,5 3,4 2,6 1,4 2,2 4,1 6,2 4,3 6,4 5,6 3,5 1,6 2,4 4,5 6,6 5,4 4,6 2,5 1,3 2,1 4,2 6,1 5,3 6,5 4,4 5,2 3,3 1,2 3,1
69: 2,3 1,1 3,2 5,1 6,3 5,5 3,6 1,5 3,4 2,6 1,4 2,2 4,1 6,2 4,3 6,4 5,6 3,5 1,6 2,4 4,5 6,6 5,4 4,6 2,5 1,3 2,1 3,3 1,2 3,1 5,2 4,4 6,5 5,3 6,1 4,2
70: 2,3 1,1 3,2 5,1 6,3 5,5 3,6 1,5 3,4 2,6 1,4 2,2 4,1 6,2 4,3 6,4 5,6 3,5 1,6 2,4 4,5 6,6 5,4 4,2 6,1 5,3 6,5 4,6 2,5 1,3 2,1 3,3 1,2 3,1 5,2 4,4
71: 2,3 1,1 3,2 5,1 6,3 5,5 3,6 1,5 3,4 2,6 1,4 2,2 4,1 6,2 4,3 6,4 5,6 4,4 6,5 4,6 2,5 1,3 2,1 4,2 6,1 5,3 4,5 6,6 5,4 3,5 1,6 2,4 1,2 3,3 5,2 3,1
72: 2,3 1,1 3,2 5,1 6,3 5,5 3,6 1,5 3,4 2,6 1,4 2,2 4,1 6,2 4,3 6,4 5,6 4,4 6,5 4,6 2,5 1,3 2,1 4,2 6,1 5,3 4,5 6,6 5,4 3,3 5,2 3,1 1,2 2,4 1,6 3,5
73: 2,3 1,1 3,2 5,1 6,3 5,5 3,6 1,5 3,4 2,6 1,4 2,2 4,1 6,2 4,3 6,4 5,6 4,4 6,5 4,6 2,5 1,3 2,1 3,3 5,2 3,1 1,2 2,4 1,6 3,5 5,4 6,6 4,5 5,3 6,1 4,2
74: 2,3 1,1 3,2 5,1 6,3 5,5 3,6 1,5 3,4 2,6 1,4 2,2 4,1 6,2 4,3 6,4 5,6 4,4 6,5 4,6 5,4 6,6 4,5 5,3 6,1 4,2 2,1 1,3 2,5 3,3 5,2 3,1 1,2 2,4 1,6 3,5
75: 2,3 1,1 3,2 5,1 6,3 5,5 3,6 1,5 3,4 2,6 1,4 2,2 4,1 6,2 4,3 6,4 5,6 4,4 6,5 5,3 6,1 4,2 2,1 1,3 2,5 4,6 5,4 6,6 4,5 3,3 5,2 3,1 1,2 2,4 1,6 3,5
76: 2,3 1,1 3,2 5,1 6,3 5,5 3,6 1,5 3,4 2,6 1,4 2,2 4,1 6,2 4,3 6,4 5,6 4,4 5,2 3,1 1,2 2,4 1,6 3,5 5,4 6,6 4,5 3,3 2,1 1,3 2,5 4,6 6,5 5,3 6,1 4,2
77: 2,3 1,1 3,2 5,1 6,3 5,5 3,6 1,5 3,4 2,6 1,4 2,2 4,1 6,2 4,3 6,4 5,6 4,4 5,2 3,1 1,2 3,3 2,1 1,3 2,5 4,6 6,5 5,3 6,1 4,2 5,4 6,6 4,5 2,4 1,6 3,5
78: 2,3 1,1 3,2 5,1 6,3 5,5 3,6 1,5 3,4 2,6 1,4 2,2 4,1 6,2 4,3 6,4 5,6 4,4 5,2 3,1 1,2 3,3 2,5 1,3 2,1 4,2 6,1 5,3 6,5 4,6 5,4 6,6 4,5 2,4 1,6 3,5
79: 2,3 1,1 3,2 5,1 6,3 5,5 3,6 1,5 3,4 2,6 1,4 2,2 4,1 6,2 4,3 6,4 5,6 4,4 2,5 1,3 2,1 4,2 6,1 5,3 6,5 4,6 5,4 6,6 4,5 3,3 5,2 3,1 1,2 2,4 1,6 3,5
80: 2,3 1,1 3,2 5,1 6,3 5,5 3,6 1,5 3,4 2,6 1,4 2,2 4,1 6,2 4,3 6,4 5,2 3,1 1,2 2,4 1,6 3,5 5,6 4,4 6,5 4,6 2,5 1,3 2,1 3,3 5,4 6,6 4,5 5,3 6,1 4,2
81: 2,3 1,1 3,2 5,1 6,3 5,5 3,6 1,5 3,4 2,6 1,4 2,2 4,1 6,2 4,3 6,4 5,2 3,1 1,2 2,4 1,6 3,5 5,6 4,4 2,5 1,3 2,1 3,3 4,5 6,6 5,4 4,6 6,5 5,3 6,1 4,2
82: 2,3 1,1 3,2 5,1 6,3 5,5 3,6 1,5 3,4 2,6 1,4 2,2 4,1 6,2 4,3 6,4 5,2 3,1 1,2 3,3 2,1 1,3 2,5 4,6 6,5 5,3 6,1 4,2 5,4 6,6 4,5 2,4 1,6 3,5 5,6 4,4
83: 2,3 1,1 3,2 5,1 6,3 5,5 3,6 1,5 3,4 2,6 1,4 2,2 4,1 6,2 4,3 6,4 5,2 3,1 1,2 3,3 2,1 1,3 2,5 4,6 5,4 6,6 4,5 2,4 1,6 3,5 5,6 4,4 6,5 5,3 6,1 4,2
84: 2,3 1,1 3,2 5,1 6,3 5,5 3,6 1,5 3,4 2,6 1,4 2,2 4,1 6,2 4,3 6,4 5,2 3,1 1,2 3,3 2,1 1,3 2,5 4,4 5,6 3,5 1,6 2,4 4,5 6,6 5,4 4,6 6,5 5,3 6,1 4,2
85: 2,3 1,1 3,2 5,1 6,3 5,5 3,6 1,5 3,4 2,6 1,4 2,2 4,1 6,2 4,3 6,4 5,2 3,1 1,2 3,3 2,5 1,3 2,1 4,2 6,1 5,3 6,5 4,6 5,4 6,6 4,5 2,4 1,6 3,5 5,6 4,4
86: 2,3 1,1 3,2 5,1 6,3 5,5 3,6 1,5 3,4 2,6 1,4 2,2 4,1 6,2 4,3 6,4 5,2 3,3 2,5 1,3 2,1 4,2 6,1 5,3 4,5 6,6 5,4 4,6 6,5 4,4 5,6 3,5 1,6 2,4 1,2 3,1
87: 2,3 1,1 3,2 5,1 6,3 5,5 3,6 1,5 3,4 2,6 1,4 2,2 4,1 6,2 4,3 6,4 5,2 3,3 4,5 6,6 5,4 4,6 6,5 5,3 6,1 4,2 2,1 1,3 2,5 4,4 5,6 3,5 1,6 2,4 1,2 3,1
88: 2,3 1,1 3,2 5,1 6,3 5,5 3,6 1,5 3,4 2,6 1,4 2,2 4,1 6,2 4,3 6,4 5,2 3,3 4,5 6,6 5,4 4,6 2,5 1,3 2,1 4,2 6,1 5,3 6,5 4,4 5,6 3,5 1,6 2,4 1,2 3,1
89: 2,3 1,1 3,2 5,1 6,3 5,5 3,6 1,5 3,4 2,6 1,4 2,2 4,1 6,2 4,3 6,4 5,2 3,3 5,4 6,6 4,5 5,3 6,1 4,2 2,1 1,3 2,5 4,6 6,5 4,4 5,6 3,5 1,6 2,4 1,2 3,1
90: 2,3 1,1 3,2 5,1 6,3 5,5 3,6 1,5 3,4 2,6 1,4 2,2 4,1 6,2 4,3 6,4 5,2 4,4 5,6 3,5 1,6 2,4 4,5 6,6 5,4 4,6 6,5 5,3 6,1 4,2 2,1 1,3 2,5 3,3 1,2 3,1
91: 2,3 1,1 3,2 5,1 6,3 5,5 3,6 1,5 3,4 2,6 1,4 2,2 4,1 6,2 4,3 6,4 5,2 4,4 5,6 3,5 1,6 2,4 4,5 6,6 5,4 4,2 6,1 5,3 6,5 4,6 2,5 1,3 2,1 3,3 1,2 3,1
92: 2,3 1,1 3,2 5,1 6,3 5,5 3,6 1,5 3,4 2,6 1,4 2,2 4,1 6,2 4,3 6,4 4,5 6,6 5,4 4,6 6,5 5,3 6,1 4,2 2,1 1,3 2,5 4,4 5,6 3,5 1,6 2,4 1,2 3,3 5,2 3,1
93: 2,3 1,1 3,2 5,1 6,3 5,5 3,6 1,5 3,4 2,6 1,4 2,2 4,1 6,2 4,3 6,4 4,5 6,6 5,4 4,6 6,5 5,3 6,1 4,2 2,1 1,3 2,5 3,3 1,2 2,4 1,6 3,5 5,6 4,4 5,2 3,1
94: 2,3 1,1 3,2 5,1 6,3 5,5 3,6 1,5 3,4 2,6 1,4 2,2 4,1 6,2 4,3 6,4 4,5 6,6 5,4 4,6 6,5 5,3 6,1 4,2 2,1 1,3 2,5 3,3 5,2 3,1 1,2 2,4 1,6 3,5 5,6 4,4
95: 2,3 1,1 3,2 5,1 6,3 5,5 3,6 1,5 3,4 2,6 1,4 2,2 4,1 6,2 4,3 6,4 4,5 6,6 5,4 4,6 6,5 5,3 6,1 4,2 2,1 1,3 2,5 3,3 5,2 4,4 5,6 3,5 1,6 2,4 1,2 3,1
96: 2,3 1,1 3,2 5,1 6,3 5,5 3,6 1,5 3,4 2,6 1,4 2,2 4,1 6,2 4,3 6,4 4,5 6,6 5,4 4,6 2,5 1,3 2,1 4,2 6,1 5,3 6,5 4,4 5,6 3,5 1,6 2,4 1,2 3,3 5,2 3,1
97: 2,3 1,1 3,2 5,1 6,3 5,5 3,6 1,5 3,4 2,6 1,4 2,2 4,1 6,2 4,3 6,4 4,5 6,6 5,4 4,6 2,5 1,3 2,1 3,3 5,2 3,1 1,2 2,4 1,6 3,5 5,6 4,4 6,5 5,3 6,1 4,2
98: 2,3 1,1 3,2 5,1 6,3 5,5 3,6 1,5 3,4 2,6 1,4 2,2 4,1 6,2 4,3 6,4 4,5 6,6 5,4 4,2 6,1 5,3 6,5 4,6 2,5 1,3 2,1 3,3 1,2 2,4 1,6 3,5 5,6 4,4 5,2 3,1
99: 2,3 1,1 3,2 5,1 6,3 5,5 3,6 1,5 3,4 2,6 1,4 2,2 4,1 6,2 4,3 6,4 4,5 6,6 5,4 4,2 6,1 5,3 6,5 4,6 2,5 1,3 2,1 3,3 5,2 3,1 1,2 2,4 1,6 3,5 5,6 4,4
100: 2,3 1,1 3,2 5,1 6,3 5,5 3,6 1,5 3,4 2,6 1,4 2,2 4,1 6,2 4,3 6,4 4,5 6,6 5,4 4,2 6,1 5,3 6,5 4,6 2,5 1,3 2,1 3,3 5,2 4,4 5,6 3,5 1,6 2,4 1,2 3,1
101: 2,3 1,1 3,2 5,1 6,3 5,5 3,6 1,5 3,4 2,6 1,4 2,2 4,1 6,2 4,3 2,4 1,6 3,5 5,6 6,4 5,2 3,1 1,2 3,3 2,1 1,3 2,5 4,4 6,5 4,6 5,4 6,6 4,5 5,3 6,1 4,2
102: 2,3 1,1 3,2 5,1 6,3 5,5 3,6 1,5 3,4 2,6 1,4 2,2 4,1 6,2 4,3 2,4 1,6 3,5 5,6 6,4 5,2 3,1 1,2 3,3 2,5 1,3 2,1 4,2 6,1 5,3 4,5 6,6 5,4 4,6 6,5 4,4
103: 2,3 1,1 3,2 5,1 6,3 5,5 3,6 1,5 3,4 2,6 1,4 2,2 4,1 6,2 4,3 2,4 1,6 3,5 5,6 6,4 5,2 3,1 1,2 3,3 4,5 6,6 5,4 4,6 6,5 5,3 6,1 4,2 2,1 1,3 2,5 4,4
104: 2,3 1,1 3,2 5,1 6,3 5,5 3,6 1,5 3,4 2,6 1,4 2,2 4,1 6,2 4,3 2,4 1,6 3,5 5,6 6,4 5,2 3,1 1,2 3,3 4,5 6,6 5,4 4,6 2,5 1,3 2,1 4,2 6,1 5,3 6,5 4,4
105: 2,3 1,1 3,2 5,1 6,3 5,5 3,6 1,5 3,4 2,6 1,4 2,2 4,1 6,2 4,3 2,4 1,6 3,5 5,6 6,4 5,2 3,1 1,2 3,3 5,4 6,6 4,5 5,3 6,1 4,2 2,1 1,3 2,5 4,6 6,5 4,4
106: 2,3 1,1 3,2 5,1 6,3 5,5 3,6 1,5 3,4 2,6 1,4 2,2 4,1 6,2 4,3 2,4 1,6 3,5 5,6 6,4 5,2 4,4 6,5 4,6 2,5 1,3 2,1 4,2 6,1 5,3 4,5 6,6 5,4 3,3 1,2 3,1
107: 2,3 1,1 3,2 5,1 6,3 5,5 3,6 1,5 3,4 2,6 1,4 2,2 4,1 6,2 4,3 2,4 1,6 3,5 5,6 6,4 5,2 4,4 6,5 4,6 5,4 6,6 4,5 5,3 6,1 4,2 2,1 1,3 2,5 3,3 1,2 3,1
108: 2,3 1,1 3,2 5,1 6,3 5,5 3,6 1,5 3,4 2,6 1,4 2,2 4,1 6,2 4,3 2,4 1,6 3,5 5,6 6,4 5,2 4,4 6,5 5,3 6,1 4,2 2,1 1,3 2,5 4,6 5,4 6,6 4,5 3,3 1,2 3,1
109: 2,3 1,1 3,2 5,1 6,3 5,5 3,6 1,5 3,4 2,6 1,4 2,2 4,1 6,2 4,3 2,4 1,6 3,5 5,6 6,4 5,2 4,4 2,5 1,3 2,1 4,2 6,1 5,3 6,5 4,6 5,4 6,6 4,5 3,3 1,2 3,1
110: 2,3 1,1 3,2 5,1 6,3 5,5 3,6 1,5 3,4 2,6 1,4 2,2 4,1 6,2 4,3 2,4 1,6 3,5 5,6 6,4 4,5 6,6 5,4 4,6 6,5 5,3 6,1 4,2 2,1 1,3 2,5 4,4 5,2 3,3 1,2 3,1
111: 2,3 1,1 3,2 5,1 6,3 5,5 3,6 1,5 3,4 2,6 1,4 2,2 4,1 6,2 4,3 2,4 1,6 3,5 5,6 6,4 4,5 6,6 5,4 4,6 6,5 5,3 6,1 4,2 2,1 1,3 2,5 3,3 1,2 3,1 5,2 4,4
112: 2,3 1,1 3,2 5,1 6,3 5,5 3,6 1,5 3,4 2,6 1,4 2,2 4,1 6,2 4,3 2,4 1,6 3,5 5,6 6,4 4,5 6,6 5,4 4,6 2,5 1,3 2,1 4,2 6,1 5,3 6,5 4,4 5,2 3,3 1,2 3,1
113: 2,3 1,1 3,2 5,1 6,3 5,5 3,6 1,5 3,4 2,6 1,4 2,2 4,1 6,2 4,3 2,4 1,6 3,5 5,6 6,4 4,5 6,6 5,4 4,6 2,5 1,3 2,1 3,3 1,2 3,1 5,2 4,4 6,5 5,3 6,1 4,2
114: 2,3 1,1 3,2 5,1 6,3 5,5 3,6 1,5 3,4 2,6 1,4 2,2 4,1 6,2 4,3 2,4 1,6 3,5 5,6 6,4 4,5 6,6 5,4 4,2 6,1 5,3 6,5 4,6 2,5 1,3 2,1 3,3 1,2 3,1 5,2 4,4
115: 2,3 1,1 3,2 5,1 6,3 5,5 3,6 1,5 3,4 2,6 1,4 2,2 4,1 6,2 4,3 2,4 1,6 3,5 5,6 4,4 6,5 5,3 6,1 4,2 2,1 1,3 2,5 4,6 5,4 6,6 4,5 6,4 5,2 3,3 1,2 3,1
116: 2,3 1,1 3,2 5,1 6,3 5,5 3,6 1,5 3,4 2,6 1,4 2,2 4,1 6,2 4,3 2,4 1,6 3,5 5,6 4,4 5,2 6,4 4,5 6,6 5,4 4,6 6,5 5,3 6,1 4,2 2,1 1,3 2,5 3,3 1,2 3,1
117: 2,3 1,1 3,2 5,1 6,3 5,5 3,6 1,5 3,4 2,6 1,4 2,2 4,1 6,2 4,3 2,4 1,6 3,5 5,6 4,4 5,2 6,4 4,5 6,6 5,4 4,2 6,1 5,3 6,5 4,6 2,5 1,3 2,1 3,3 1,2 3,1
118: 2,3 1,1 3,2 5,1 6,3 5,5 3,6 1,5 3,4 2,6 1,4 2,2 4,1 6,2 4,3 2,4 1,6 3,5 5,6 4,4 2,5 1,3 2,1 4,2 6,1 5,3 6,5 4,6 5,4 6,6 4,5 6,4 5,2 3,3 1,2 3,1
119: 2,3 1,1 3,2 5,1 6,3 5,5 3,6 1,5 3,4 2,6 1,4 2,2 4,1 6,2 4,3 2,4 1,6 3,5 5,6 4,4 2,5 1,3 2,1 3,3 1,2 3,1 5,2 6,4 4,5 6,6 5,4 4,6 6,5 5,3 6,1 4,2
120: 2,3 1,1 3,2 5,1 6,3 5,5 3,6 1,5 3,4 2,6 1,4 2,2 4,1 6,2 4,3 2,4 1,6 3,5 5,4 6,6 4,5 6,4 5,6 4,4 5,2 3,1 1,2 3,3 2,1 1,3 2,5 4,6 6,5 5,3 6,1 4,2
121: 2,3 1,1 3,2 5,1 6,3 5,5 3,6 1,5 3,4 2,6 1,4 2,2 4,1 6,2 4,3 2,4 1,6 3,5 5,4 6,6 4,5 5,3 6,1 4,2 2,1 1,3 2,5 4,6 6,5 4,4 5,6 6,4 5,2 3,3 1,2 3,1
122: 2,3 1,1 3,2 5,1 6,3 5,5 3,6 1,5 3,4 2,6 1,4 2,2 4,1 6,2 4,3 3,5 1,6 2,4 1,2 3,1 5,2 6,4 5,6 4,4 6,5 4,6 2,5 1,3 2,1 3,3 5,4 6,6 4,5 5,3 6,1 4,2
123: 2,3 1,1 3,2 5,1 6,3 5,5 3,6 1,5 3,4 2,6 1,4 2,2 4,1 6,2 4,3 3,5 1,6 2,4 1,2 3,1 5,2 6,4 5,6 4,4 2,5 1,3 2,1 3,3 4,5 6,6 5,4 4,6 6,5 5,3 6,1 4,2
124: 2,3 1,1 3,2 5,1 6,3 5,5 3,6 1,5 3,4 2,6 1,4 2,2 4,1 6,2 4,3 3,5 1,6 2,4 1,2 3,1 5,2 3,3 2,1 1,3 2,5 4,6 6,5 5,3 6,1 4,2 5,4 6,6 4,5 6,4 5,6 4,4
125: 2,3 1,1 3,2 5,1 6,3 5,5 3,6 1,5 3,4 2,6 1,4 2,2 4,1 6,2 4,3 3,5 1,6 2,4 1,2 3,1 5,2 3,3 2,1 1,3 2,5 4,6 5,4 6,6 4,5 6,4 5,6 4,4 6,5 5,3 6,1 4,2
126: 2,3 1,1 3,2 5,1 6,3 5,5 3,6 1,5 3,4 2,6 1,4 2,2 4,1 6,2 4,3 3,5 1,6 2,4 1,2 3,1 5,2 3,3 2,1 1,3 2,5 4,4 5,6 6,4 4,5 6,6 5,4 4,6 6,5 5,3 6,1 4,2
127: 2,3 1,1 3,2 5,1 6,3 5,5 3,6 1,5 3,4 2,6 1,4 2,2 4,1 6,2 4,3 3,5 1,6 2,4 1,2 3,1 5,2 3,3 2,5 1,3 2,1 4,2 6,1 5,3 6,5 4,6 5,4 6,6 4,5 6,4 5,6 4,4
128: 2,3 1,1 3,2 5,1 6,3 5,5 3,6 1,5 3,4 2,6 1,4 2,2 4,1 6,2 4,3 3,5 1,6 2,4 1,2 3,1 5,2 4,4 5,6 6,4 4,5 6,6 5,4 3,3 2,1 1,3 2,5 4,6 6,5 5,3 6,1 4,2
129: 2,3 1,1 3,2 5,1 6,3 5,5 3,6 1,5 3,4 2,6 1,4 2,2 4,1 6,2 4,3 3,5 1,6 2,4 1,2 3,3 2,1 1,3 2,5 4,6 6,5 5,3 6,1 4,2 5,4 6,6 4,5 6,4 5,6 4,4 5,2 3,1
130: 2,3 1,1 3,2 5,1 6,3 5,5 3,6 1,5 3,4 2,6 1,4 2,2 4,1 6,2 4,3 3,5 1,6 2,4 1,2 3,3 2,5 1,3 2,1 4,2 6,1 5,3 6,5 4,6 5,4 6,6 4,5 6,4 5,6 4,4 5,2 3,1
131: 2,3 1,1 3,2 5,1 6,3 5,5 3,6 1,5 3,4 2,6 1,4 2,2 4,1 6,2 4,3 3,5 1,6 2,4 1,2 3,3 2,5 1,3 2,1 4,2 6,1 5,3 4,5 6,6 5,4 4,6 6,5 4,4 5,6 6,4 5,2 3,1
132: 2,3 1,1 3,2 5,1 6,3 5,5 3,6 1,5 3,4 2,6 1,4 2,2 4,1 6,2 4,3 3,5 1,6 2,4 1,2 3,3 4,5 6,6 5,4 4,6 6,5 5,3 6,1 4,2 2,1 1,3 2,5 4,4 5,6 6,4 5,2 3,1
133: 2,3 1,1 3,2 5,1 6,3 5,5 3,6 1,5 3,4 2,6 1,4 2,2 4,1 6,2 4,3 3,5 1,6 2,4 1,2 3,3 4,5 6,6 5,4 4,6 2,5 1,3 2,1 4,2 6,1 5,3 6,5 4,4 5,6 6,4 5,2 3,1
134: 2,3 1,1 3,2 5,1 6,3 5,5 3,6 1,5 3,4 2,6 1,4 2,2 4,1 6,2 4,3 3,5 1,6 2,4 1,2 3,3 5,4 6,6 4,5 5,3 6,1 4,2 2,1 1,3 2,5 4,6 6,5 4,4 5,6 6,4 5,2 3,1
135: 2,3 1,1 3,2 5,1 6,3 5,5 3,6 1,5 3,4 2,6 1,4 2,2 4,1 6,2 4,3 3,5 1,6 2,4 4,5 6,6 5,4 4,6 6,5 5,3 6,1 4,2 2,1 1,3 2,5 4,4 5,6 6,4 5,2 3,3 1,2 3,1
136: 2,3 1,1 3,2 5,1 6,3 5,5 3,6 1,5 3,4 2,6 1,4 2,2 4,1 6,2 4,3 3,5 1,6 2,4 4,5 6,6 5,4 4,6 6,5 5,3 6,1 4,2 2,1 1,3 2,5 3,3 1,2 3,1 5,2 6,4 5,6 4,4
137: 2,3 1,1 3,2 5,1 6,3 5,5 3,6 1,5 3,4 2,6 1,4 2,2 4,1 6,2 4,3 3,5 1,6 2,4 4,5 6,6 5,4 4,6 2,5 1,3 2,1 4,2 6,1 5,3 6,5 4,4 5,6 6,4 5,2 3,3 1,2 3,1
138: 2,3 1,1 3,2 5,1 6,3 5,5 3,6 1,5 3,4 2,6 1,4 2,2 4,1 6,2 4,3 3,5 1,6 2,4 4,5 6,6 5,4 4,6 2,5 1,3 2,1 3,3 1,2 3,1 5,2 6,4 5,6 4,4 6,5 5,3 6,1 4,2
139: 2,3 1,1 3,2 5,1 6,3 5,5 3,6 1,5 3,4 2,6 1,4 2,2 4,1 6,2 4,3 3,5 1,6 2,4 4,5 6,6 5,4 4,2 6,1 5,3 6,5 4,6 2,5 1,3 2,1 3,3 1,2 3,1 5,2 6,4 5,6 4,4
140: 2,3 1,1 3,2 5,1 6,3 5,5 3,6 1,5 3,4 2,6 1,4 2,2 4,1 5,3 6,1 4,2 2,1 1,3 2,5 4,6 6,5 4,4 5,6 6,4 5,2 3,1 1,2 3,3 4,5 6,6 5,4 6,2 4,3 2,4 1,6 3,5
141: 2,3 1,1 3,2 5,1 6,3 5,5 3,6 1,5 3,4 2,6 1,4 2,2 4,1 5,3 6,1 4,2 2,1 1,3 2,5 4,6 6,5 4,4 5,6 6,4 5,2 3,1 4,3 6,2 5,4 6,6 4,5 3,3 1,2 2,4 1,6 3,5
142: 2,3 1,1 3,2 5,1 6,3 5,5 3,6 1,5 3,4 2,6 1,4 2,2 4,1 5,3 6,1 4,2 2,1 1,3 2,5 4,6 6,5 4,4 5,6 6,4 5,2 3,3 1,2 3,1 4,3 6,2 5,4 6,6 4,5 2,4 1,6 3,5
143: 2,3 1,1 3,2 5,1 6,3 5,5 3,6 1,5 3,4 2,6 1,4 2,2 4,1 5,3 6,1 4,2 2,1 1,3 2,5 4,6 6,5 4,4 5,6 6,4 5,2 3,3 4,5 6,6 5,4 6,2 4,3 3,1 1,2 2,4 1,6 3,5
144: 2,3 1,1 3,2 5,1 6,3 5,5 3,6 1,5 3,4 2,6 1,4 2,2 4,1 5,3 6,1 4,2 2,1 1,3 2,5 4,6 6,5 4,4 5,6 6,4 5,2 3,3 4,5 6,6 5,4 6,2 4,3 3,5 1,6 2,4 1,2 3,1
145: 2,3 1,1 3,2 5,1 6,3 5,5 3,6 1,5 3,4 2,6 1,4 2,2 4,1 5,3 6,1 4,2 2,1 1,3 2,5 4,6 6,5 4,4 5,6 6,4 4,5 6,6 5,4 6,2 4,3 3,1 5,2 3,3 1,2 2,4 1,6 3,5
146: 2,3 1,1 3,2 5,1 6,3 5,5 3,6 1,5 3,4 2,6 1,4 2,2 4,1 5,3 6,1 4,2 2,1 1,3 2,5 4,6 6,5 4,4 5,6 6,4 4,5 6,6 5,4 6,2 4,3 3,5 1,6 2,4 1,2 3,3 5,2 3,1
147: 2,3 1,1 3,2 5,1 6,3 5,5 3,6 1,5 3,4 2,6 1,4 2,2 4,1 5,3 6,1 4,2 2,1 1,3 2,5 4,6 6,5 4,4 5,6 6,4 4,3 6,2 5,4 6,6 4,5 3,3 5,2 3,1 1,2 2,4 1,6 3,5
148: 2,3 1,1 3,2 5,1 6,3 5,5 3,6 1,5 3,4 2,6 1,4 2,2 4,1 5,3 6,1 4,2 2,1 1,3 2,5 4,6 6,5 4,4 5,6 3,5 1,6 2,4 1,2 3,3 5,2 6,4 4,5 6,6 5,4 6,2 4,3 3,1
149: 2,3 1,1 3,2 5,1 6,3 5,5 3,6 1,5 3,4 2,6 1,4 2,2 4,1 5,3 6,1 4,2 2,1 1,3 2,5 4,6 6,5 4,4 5,6 3,5 1,6 2,4 1,2 3,3 4,5 6,6 5,4 6,2 4,3 6,4 5,2 3,1
150: 2,3 1,1 3,2 5,1 6,3 5,5 3,6 1,5 3,4 2,6 1,4 2,2 4,1 5,3 6,1 4,2 2,1 1,3 2,5 4,6 6,5 4,4 5,6 3,5 1,6 2,4 4,5 6,6 5,4 6,2 4,3 6,4 5,2 3,3 1,2 3,1
151: 2,3 1,1 3,2 5,1 6,3 5,5 3,6 1,5 3,4 2,6 1,4 2,2 4,1 5,3 6,1 4,2 2,1 1,3 2,5 4,6 6,5 4,4 5,6 3,5 1,6 2,4 4,3 6,2 5,4 6,6 4,5 6,4 5,2 3,3 1,2 3,1
152: 2,3 1,1 3,2 5,1 6,3 5,5 3,6 1,5 3,4 2,6 1,4 2,2 4,1 5,3 6,1 4,2 2,1 1,3 2,5 4,6 6,5 4,4 5,2 6,4 5,6 3,5 1,6 2,4 1,2 3,3 4,5 6,6 5,4 6,2 4,3 3,1
153: 2,3 1,1 3,2 5,1 6,3 5,5 3,6 1,5 3,4 2,6 1,4 2,2 4,1 5,3 6,1 4,2 2,1 1,3 2,5 4,6 6,5 4,4 5,2 6,4 5,6 3,5 1,6 2,4 4,3 6,2 5,4 6,6 4,5 3,3 1,2 3,1
154: 2,3 1,1 3,2 5,1 6,3 5,5 3,6 1,5 3,4 2,6 1,4 2,2 4,1 5,3 6,1 4,2 2,1 1,3 2,5 4,6 6,5 4,4 5,2 3,3 1,2 2,4 1,6 3,5 5,6 6,4 4,5 6,6 5,4 6,2 4,3 3,1
155: 2,3 1,1 3,2 5,1 6,3 5,5 3,6 1,5 3,4 2,6 1,4 2,2 4,1 5,3 6,1 4,2 2,1 1,3 2,5 4,6 6,5 4,4 5,2 3,3 4,5 6,6 5,4 6,2 4,3 6,4 5,6 3,5 1,6 2,4 1,2 3,1
156: 2,3 1,1 3,2 5,1 6,3 5,5 3,6 1,5 3,4 2,6 1,4 2,2 4,1 3,3 2,1 1,3 2,5 4,6 6,5 4,4 5,6 6,4 5,2 3,1 1,2 2,4 1,6 3,5 4,3 6,2 5,4 6,6 4,5 5,3 6,1 4,2
157: 2,3 1,1 3,2 5,1 6,3 5,5 3,6 1,5 3,4 2,6 1,4 2,2 4,1 3,3 2,1 1,3 2,5 4,6 6,5 4,4 5,6 3,5 1,6 2,4 1,2 3,1 5,2 6,4 4,3 6,2 5,4 6,6 4,5 5,3 6,1 4,2
158: 2,3 1,1 3,2 5,1 6,3 5,5 3,6 1,5 3,4 2,6 1,4 2,2 4,1 3,3 2,1 1,3 2,5 4,6 6,5 4,4 5,2 3,1 1,2 2,4 1,6 3,5 5,6 6,4 4,3 6,2 5,4 6,6 4,5 5,3 6,1 4,2
159: 2,3 1,1 3,2 5,1 6,3 5,5 3,6 1,5 3,4 2,6 1,4 2,2 4,1 3,3 2,1 1,3 2,5 4,6 6,5 4,4 5,2 6,4 5,6 3,5 1,6 2,4 1,2 3,1 4,3 6,2 5,4 6,6 4,5 5,3 6,1 4,2
160: 2,3 1,1 3,2 5,1 6,3 5,5 3,6 1,5 3,4 2,6 1,4 2,2 4,1 3,3 1,2 3,1 5,2 6,4 5,6 3,5 1,6 2,4 4,3 6,2 5,4 6,6 4,5 5,3 6,1 4,2 2,1 1,3 2,5 4,6 6,5 4,4
161: 2,3 1,1 3,2 5,1 6,3 5,5 3,6 1,5 3,4 2,6 1,4 2,2 4,1 3,3 1,2 3,1 5,2 6,4 5,6 4,4 6,5 4,6 2,5 1,3 2,1 4,2 6,1 5,3 4,5 6,6 5,4 6,2 4,3 2,4 1,6 3,5
162: 2,3 1,1 3,2 5,1 6,3 5,5 3,6 1,5 3,4 2,6 1,4 2,2 4,1 3,3 1,2 2,4 1,6 3,5 5,6 6,4 5,2 3,1 4,3 6,2 5,4 6,6 4,5 5,3 6,1 4,2 2,1 1,3 2,5 4,6 6,5 4,4
163: 2,3 1,1 3,2 5,1 6,3 5,5 3,6 1,5 3,4 2,6 1,4 2,2 4,1 3,3 1,2 2,4 1,6 3,5 5,6 6,4 5,2 4,4 6,5 4,6 2,5 1,3 2,1 4,2 6,1 5,3 4,5 6,6 5,4 6,2 4,3 3,1
164: 2,3 1,1 3,2 5,1 6,3 5,5 3,6 1,5 3,4 2,6 1,4 2,2 4,1 3,3 1,2 2,4 1,6 3,5 5,6 6,4 4,3 6,2 5,4 6,6 4,5 5,3 6,1 4,2 2,1 1,3 2,5 4,6 6,5 4,4 5,2 3,1
165: 2,3 1,1 3,2 5,1 6,3 5,5 3,6 1,5 3,4 2,6 1,4 2,2 4,1 3,3 1,2 2,4 1,6 3,5 5,6 4,4 6,5 4,6 2,5 1,3 2,1 4,2 6,1 5,3 4,5 6,6 5,4 6,2 4,3 6,4 5,2 3,1
166: 2,3 1,1 3,2 5,1 6,3 5,5 3,6 1,5 3,4 2,6 1,4 2,2 4,1 3,3 1,2 2,4 1,6 3,5 4,3 6,2 5,4 6,6 4,5 5,3 6,1 4,2 2,1 1,3 2,5 4,6 6,5 4,4 5,6 6,4 5,2 3,1
167: 2,3 1,1 3,2 5,1 6,3 5,5 3,6 1,5 3,4 2,6 1,4 2,2 4,1 3,3 5,2 3,1 1,2 2,4 1,6 3,5 5,6 6,4 4,3 6,2 5,4 6,6 4,5 5,3 6,1 4,2 2,1 1,3 2,5 4,6 6,5 4,4
168: 2,3 1,1 3,2 5,1 6,3 5,5 3,6 1,5 3,4 2,6 1,4 2,2 4,1 3,3 5,2 6,4 5,6 3,5 1,6 2,4 1,2 3,1 4,3 6,2 5,4 6,6 4,5 5,3 6,1 4,2 2,1 1,3 2,5 4,6 6,5 4,4
169: 2,3 1,1 3,2 5,1 6,3 5,5 3,6 1,5 3,4 2,6 1,4 2,2 4,1 3,3 5,2 6,4 5,6 4,4 6,5 4,6 2,5 1,3 2,1 4,2 6,1 5,3 4,5 6,6 5,4 6,2 4,3 3,1 1,2 2,4 1,6 3,5
170: 2,3 1,1 3,2 5,1 6,3 5,5 3,6 1,5 3,4 2,6 1,4 2,2 4,1 3,3 5,2 6,4 5,6 4,4 6,5 4,6 2,5 1,3 2,1 4,2 6,1 5,3 4,5 6,6 5,4 6,2 4,3 3,5 1,6 2,4 1,2 3,1
171: 2,3 1,1 3,2 5,1 6,3 5,5 3,6 1,5 3,4 2,6 1,4 2,2 4,1 3,3 5,2 6,4 4,3 6,2 5,4 6,6 4,5 5,3 6,1 4,2 2,1 1,3 2,5 4,6 6,5 4,4 5,6 3,5 1,6 2,4 1,2 3,1
172: 2,3 1,1 3,2 5,1 6,3 5,5 3,6 1,5 3,4 2,6 1,4 2,2 4,1 3,3 5,2 4,4 6,5 4,6 2,5 1,3 2,1 4,2 6,1 5,3 4,5 6,6 5,4 6,2 4,3 6,4 5,6 3,5 1,6 2,4 1,2 3,1
173: 2,3 1,1 3,2 5,1 6,3 5,5 3,6 1,5 3,4 2,6 1,4 2,2 4,3 6,2 4,1 5,3 6,1 4,2 2,1 1,3 2,5 4,6 6,5 4,4 5,6 6,4 5,2 3,1 1,2 3,3 5,4 6,6 4,5 2,4 1,6 3,5
174: 2,3 1,1 3,2 5,1 6,3 5,5 3,6 1,5 3,4 2,6 1,4 2,2 4,3 6,2 4,1 5,3 6,1 4,2 2,1 1,3 2,5 4,6 6,5 4,4 5,6 6,4 5,2 3,3 4,5 6,6 5,4 3,5 1,6 2,4 1,2 3,1
175: 2,3 1,1 3,2 5,1 6,3 5,5 3,6 1,5 3,4 2,6 1,4 2,2 4,3 6,2 4,1 5,3 6,1 4,2 2,1 1,3 2,5 4,6 6,5 4,4 5,6 6,4 4,5 6,6 5,4 3,5 1,6 2,4 1,2 3,3 5,2 3,1
176: 2,3 1,1 3,2 5,1 6,3 5,5 3,6 1,5 3,4 2,6 1,4 2,2 4,3 6,2 4,1 5,3 6,1 4,2 2,1 1,3 2,5 4,6 6,5 4,4 5,6 6,4 4,5 6,6 5,4 3,3 5,2 3,1 1,2 2,4 1,6 3,5
177: 2,3 1,1 3,2 5,1 6,3 5,5 3,6 1,5 3,4 2,6 1,4 2,2 4,3 6,2 4,1 5,3 6,1 4,2 2,1 1,3 2,5 4,6 6,5 4,4 5,6 3,5 1,6 2,4 1,2 3,3 5,4 6,6 4,5 6,4 5,2 3,1
178: 2,3 1,1 3,2 5,1 6,3 5,5 3,6 1,5 3,4 2,6 1,4 2,2 4,3 6,2 4,1 5,3 6,1 4,2 2,1 1,3 2,5 4,6 6,5 4,4 5,2 6,4 5,6 3,5 1,6 2,4 4,5 6,6 5,4 3,3 1,2 3,1
179: 2,3 1,1 3,2 5,1 6,3 5,5 3,6 1,5 3,4 2,6 1,4 2,2 4,3 6,2 4,1 5,3 6,1 4,2 2,1 1,3 2,5 4,6 6,5 4,4 5,2 3,3 5,4 6,6 4,5 6,4 5,6 3,5 1,6 2,4 1,2 3,1
180: 2,3 1,1 3,2 5,1 6,3 5,5 3,6 1,5 3,4 2,6 1,4 2,2 4,3 6,2 4,1 5,3 6,1 4,2 2,1 1,3 2,5 4,4 6,5 4,6 5,4 6,6 4,5 6,4 5,6 3,5 1,6 2,4 1,2 3,3 5,2 3,1
181: 2,3 1,1 3,2 5,1 6,3 5,5 3,6 1,5 3,4 2,6 1,4 2,2 4,3 6,2 4,1 5,3 6,1 4,2 2,1 1,3 2,5 4,4 6,5 4,6 5,4 6,6 4,5 2,4 1,6 3,5 5,6 6,4 5,2 3,3 1,2 3,1
182: 2,3 1,1 3,2 5,1 6,3 5,5 3,6 1,5 3,4 2,6 1,4 2,2 4,3 6,2 4,1 5,3 6,1 4,2 2,1 1,3 2,5 4,4 6,5 4,6 5,4 6,6 4,5 3,3 1,2 2,4 1,6 3,5 5,6 6,4 5,2 3,1
183: 2,3 1,1 3,2 5,1 6,3 5,5 3,6 1,5 3,4 2,6 1,4 2,2 4,3 6,2 4,1 5,3 6,1 4,2 2,1 1,3 2,5 4,4 6,5 4,6 5,4 6,6 4,5 3,3 5,2 6,4 5,6 3,5 1,6 2,4 1,2 3,1
184: 2,3 1,1 3,2 5,1 6,3 5,5 3,6 1,5 3,4 2,6 1,4 2,2 4,3 6,2 4,1 5,3 6,1 4,2 2,1 1,3 2,5 3,3 1,2 3,1 5,2 6,4 5,6 3,5 1,6 2,4 4,5 6,6 5,4 4,6 6,5 4,4
185: 2,3 1,1 3,2 5,1 6,3 5,5 3,6 1,5 3,4 2,6 1,4 2,2 4,3 6,2 4,1 5,3 6,1 4,2 2,1 1,3 2,5 3,3 1,2 3,1 5,2 6,4 5,6 4,4 6,5 4,6 5,4 6,6 4,5 2,4 1,6 3,5
186: 2,3 1,1 3,2 5,1 6,3 5,5 3,6 1,5 3,4 2,6 1,4 2,2 4,3 6,2 4,1 5,3 6,1 4,2 2,1 1,3 2,5 3,3 1,2 2,4 1,6 3,5 5,6 6,4 4,5 6,6 5,4 4,6 6,5 4,4 5,2 3,1
187: 2,3 1,1 3,2 5,1 6,3 5,5 3,6 1,5 3,4 2,6 1,4 2,2 4,3 6,2 4,1 5,3 6,1 4,2 2,1 1,3 2,5 3,3 1,2 2,4 1,6 3,5 5,6 4,4 6,5 4,6 5,4 6,6 4,5 6,4 5,2 3,1
188: 2,3 1,1 3,2 5,1 6,3 5,5 3,6 1,5 3,4 2,6 1,4 2,2 4,3 6,2 4,1 5,3 6,1 4,2 2,1 1,3 2,5 3,3 5,2 3,1 1,2 2,4 1,6 3,5 5,6 6,4 4,5 6,6 5,4 4,6 6,5 4,4
189: 2,3 1,1 3,2 5,1 6,3 5,5 3,6 1,5 3,4 2,6 1,4 2,2 4,3 6,2 4,1 5,3 6,1 4,2 2,1 1,3 2,5 3,3 5,2 6,4 4,5 6,6 5,4 4,6 6,5 4,4 5,6 3,5 1,6 2,4 1,2 3,1
190: 2,3 1,1 3,2 5,1 6,3 5,5 3,6 1,5 3,4 2,6 1,4 2,2 4,3 6,2 4,1 5,3 6,1 4,2 2,1 1,3 2,5 3,3 5,2 4,4 6,5 4,6 5,4 6,6 4,5 6,4 5,6 3,5 1,6 2,4 1,2 3,1
191: 2,3 1,1 3,2 5,1 6,3 5,5 3,6 1,5 3,4 2,6 1,4 2,2 4,3 6,2 4,1 5,3 6,1 4,2 2,1 1,3 2,5 3,3 4,5 6,6 5,4 4,6 6,5 4,4 5,6 6,4 5,2 3,1 1,2 2,4 1,6 3,5
192: 2,3 1,1 3,2 5,1 6,3 5,5 3,6 1,5 3,4 2,6 1,4 2,2 4,3 6,2 4,1 5,3 6,1 4,2 2,1 1,3 2,5 3,3 4,5 6,6 5,4 4,6 6,5 4,4 5,2 6,4 5,6 3,5 1,6 2,4 1,2 3,1
193: 2,3 1,1 3,2 5,1 6,3 5,5 3,6 1,5 3,4 2,6 1,4 2,2 4,3 6,2 4,1 5,3 6,1 4,2 5,4 6,6 4,5 6,4 5,6 3,5 1,6 2,4 1,2 3,1 5,2 3,3 2,1 1,3 2,5 4,6 6,5 4,4
194: 2,3 1,1 3,2 5,1 6,3 5,5 3,6 1,5 3,4 2,6 1,4 2,2 4,3 6,2 4,1 5,3 6,1 4,2 5,4 6,6 4,5 6,4 5,6 3,5 1,6 2,4 1,2 3,3 2,1 1,3 2,5 4,6 6,5 4,4 5,2 3,1
195: 2,3 1,1 3,2 5,1 6,3 5,5 3,6 1,5 3,4 2,6 1,4 2,2 4,3 6,2 4,1 5,3 6,1 4,2 5,4 6,6 4,5 6,4 5,6 4,4 6,5 4,6 2,5 1,3 2,1 3,3 5,2 3,1 1,2 2,4 1,6 3,5
196: 2,3 1,1 3,2 5,1 6,3 5,5 3,6 1,5 3,4 2,6 1,4 2,2 4,3 6,2 4,1 5,3 6,1 4,2 5,4 6,6 4,5 6,4 5,2 3,3 2,1 1,3 2,5 4,6 6,5 4,4 5,6 3,5 1,6 2,4 1,2 3,1
197: 2,3 1,1 3,2 5,1 6,3 5,5 3,6 1,5 3,4 2,6 1,4 2,2 4,3 6,2 4,1 5,3 6,1 4,2 5,4 6,6 4,5 2,4 1,6 3,5 5,6 6,4 5,2 3,1 1,2 3,3 2,1 1,3 2,5 4,6 6,5 4,4
198: 2,3 1,1 3,2 5,1 6,3 5,5 3,6 1,5 3,4 2,6 1,4 2,2 4,3 6,2 4,1 5,3 6,1 4,2 5,4 6,6 4,5 2,4 1,6 3,5 5,6 6,4 5,2 4,4 6,5 4,6 2,5 1,3 2,1 3,3 1,2 3,1
199: 2,3 1,1 3,2 5,1 6,3 5,5 3,6 1,5 3,4 2,6 1,4 2,2 4,3 6,2 4,1 5,3 6,1 4,2 5,4 6,6 4,5 3,3 2,1 1,3 2,5 4,6 6,5 4,4 5,6 6,4 5,2 3,1 1,2 2,4 1,6 3,5
200: 2,3 1,1 3,2 5,1 6,3 5,5 3,6 1,5 3,4 2,6 1,4 2,2 4,3 6,2 4,1 5,3 6,1 4,2 5,4 6,6 4,5 3,3 2,1 1,3 2,5 4,6 6,5 4,4 5,2 6,4 5,6 3,5 1,6 2,4 1,2 3,1
201: 2,3 1,1 3,2 5,1 6,3 5,5 3,6 1,5 3,4 2,6 1,4 2,2 4,3 6,2 4,1 3,3 2,1 1,3 2,5 4,6 6,5 5,3 6,1 4,2 5,4 6,6 4,5 6,4 5,6 3,5 1,6 2,4 1,2 3,1 5,2 4,4
202: 2,3 1,1 3,2 5,1 6,3 5,5 3,6 1,5 3,4 2,6 1,4 2,2 4,3 6,2 4,1 3,3 2,1 1,3 2,5 4,6 6,5 5,3 6,1 4,2 5,4 6,6 4,5 6,4 5,6 4,4 5,2 3,1 1,2 2,4 1,6 3,5
203: 2,3 1,1 3,2 5,1 6,3 5,5 3,6 1,5 3,4 2,6 1,4 2,2 4,3 6,2 4,1 3,3 2,1 1,3 2,5 4,6 6,5 5,3 6,1 4,2 5,4 6,6 4,5 6,4 5,2 3,1 1,2 2,4 1,6 3,5 5,6 4,4
204: 2,3 1,1 3,2 5,1 6,3 5,5 3,6 1,5 3,4 2,6 1,4 2,2 4,3 6,2 4,1 3,3 2,1 1,3 2,5 4,6 6,5 5,3 6,1 4,2 5,4 6,6 4,5 6,4 5,2 4,4 5,6 3,5 1,6 2,4 1,2 3,1
205: 2,3 1,1 3,2 5,1 6,3 5,5 3,6 1,5 3,4 2,6 1,4 2,2 4,3 6,2 4,1 3,3 2,1 1,3 2,5 4,6 6,5 4,4 5,6 6,4 5,2 3,1 1,2 2,4 1,6 3,5 5,4 6,6 4,5 5,3 6,1 4,2
206: 2,3 1,1 3,2 5,1 6,3 5,5 3,6 1,5 3,4 2,6 1,4 2,2 4,3 6,2 4,1 3,3 2,1 1,3 2,5 4,6 5,4 6,6 4,5 6,4 5,6 3,5 1,6 2,4 1,2 3,1 5,2 4,4 6,5 5,3 6,1 4,2
207: 2,3 1,1 3,2 5,1 6,3 5,5 3,6 1,5 3,4 2,6 1,4 2,2 4,3 6,2 4,1 3,3 2,1 1,3 2,5 4,6 5,4 6,6 4,5 6,4 5,2 3,1 1,2 2,4 1,6 3,5 5,6 4,4 6,5 5,3 6,1 4,2
208: 2,3 1,1 3,2 5,1 6,3 5,5 3,6 1,5 3,4 2,6 1,4 2,2 4,3 6,2 4,1 3,3 2,1 1,3 2,5 4,4 5,6 3,5 1,6 2,4 1,2 3,1 5,2 6,4 4,5 6,6 5,4 4,6 6,5 5,3 6,1 4,2
209: 2,3 1,1 3,2 5,1 6,3 5,5 3,6 1,5 3,4 2,6 1,4 2,2 4,3 6,2 4,1 3,3 2,1 1,3 2,5 4,4 5,2 3,1 1,2 2,4 1,6 3,5 5,6 6,4 4,5 6,6 5,4 4,6 6,5 5,3 6,1 4,2
210: 2,3 1,1 3,2 5,1 6,3 5,5 3,6 1,5 3,4 2,6 1,4 2,2 4,3 6,2 4,1 3,3 1,2 3,1 5,2 6,4 5,6 3,5 1,6 2,4 4,5 6,6 5,4 4,6 6,5 5,3 6,1 4,2 2,1 1,3 2,5 4,4
211: 2,3 1,1 3,2 5,1 6,3 5,5 3,6 1,5 3,4 2,6 1,4 2,2 4,3 6,2 4,1 3,3 1,2 3,1 5,2 6,4 5,6 3,5 1,6 2,4 4,5 6,6 5,4 4,6 2,5 1,3 2,1 4,2 6,1 5,3 6,5 4,4
212: 2,3 1,1 3,2 5,1 6,3 5,5 3,6 1,5 3,4 2,6 1,4 2,2 4,3 6,2 4,1 3,3 1,2 3,1 5,2 6,4 5,6 4,4 6,5 5,3 6,1 4,2 2,1 1,3 2,5 4,6 5,4 6,6 4,5 2,4 1,6 3,5
213: 2,3 1,1 3,2 5,1 6,3 5,5 3,6 1,5 3,4 2,6 1,4 2,2 4,3 6,2 4,1 3,3 1,2 3,1 5,2 6,4 5,6 4,4 2,5 1,3 2,1 4,2 6,1 5,3 6,5 4,6 5,4 6,6 4,5 2,4 1,6 3,5
214: 2,3 1,1 3,2 5,1 6,3 5,5 3,6 1,5 3,4 2,6 1,4 2,2 4,3 6,2 4,1 3,3 1,2 2,4 1,6 3,5 5,6 6,4 4,5 6,6 5,4 4,6 6,5 5,3 6,1 4,2 2,1 1,3 2,5 4,4 5,2 3,1
215: 2,3 1,1 3,2 5,1 6,3 5,5 3,6 1,5 3,4 2,6 1,4 2,2 4,3 6,2 4,1 3,3 1,2 2,4 1,6 3,5 5,6 6,4 4,5 6,6 5,4 4,6 2,5 1,3 2,1 4,2 6,1 5,3 6,5 4,4 5,2 3,1
216: 2,3 1,1 3,2 5,1 6,3 5,5 3,6 1,5 3,4 2,6 1,4 2,2 4,3 6,2 4,1 3,3 1,2 2,4 1,6 3,5 5,6 4,4 6,5 5,3 6,1 4,2 2,1 1,3 2,5 4,6 5,4 6,6 4,5 6,4 5,2 3,1
217: 2,3 1,1 3,2 5,1 6,3 5,5 3,6 1,5 3,4 2,6 1,4 2,2 4,3 6,2 4,1 3,3 1,2 2,4 1,6 3,5 5,6 4,4 2,5 1,3 2,1 4,2 6,1 5,3 6,5 4,6 5,4 6,6 4,5 6,4 5,2 3,1
218: 2,3 1,1 3,2 5,1 6,3 5,5 3,6 1,5 3,4 2,6 1,4 2,2 4,3 6,2 4,1 3,3 1,2 2,4 1,6 3,5 5,4 6,6 4,5 5,3 6,1 4,2 2,1 1,3 2,5 4,6 6,5 4,4 5,6 6,4 5,2 3,1
219: 2,3 1,1 3,2 5,1 6,3 5,5 3,6 1,5 3,4 2,6 1,4 2,2 4,3 6,2 4,1 3,3 5,2 3,1 1,2 2,4 1,6 3,5 5,6 6,4 4,5 6,6 5,4 4,6 6,5 5,3 6,1 4,2 2,1 1,3 2,5 4,4
220: 2,3 1,1 3,2 5,1 6,3 5,5 3,6 1,5 3,4 2,6 1,4 2,2 4,3 6,2 4,1 3,3 5,2 3,1 1,2 2,4 1,6 3,5 5,6 6,4 4,5 6,6 5,4 4,6 2,5 1,3 2,1 4,2 6,1 5,3 6,5 4,4
221: 2,3 1,1 3,2 5,1 6,3 5,5 3,6 1,5 3,4 2,6 1,4 2,2 4,3 6,2 4,1 3,3 5,2 6,4 5,6 4,4 6,5 4,6 2,5 1,3 2,1 4,2 6,1 5,3 4,5 6,6 5,4 3,5 1,6 2,4 1,2 3,1
222: 2,3 1,1 3,2 5,1 6,3 5,5 3,6 1,5 3,4 2,6 1,4 2,2 4,3 6,2 4,1 3,3 5,2 6,4 4,5 6,6 5,4 4,6 6,5 5,3 6,1 4,2 2,1 1,3 2,5 4,4 5,6 3,5 1,6 2,4 1,2 3,1
223: 2,3 1,1 3,2 5,1 6,3 5,5 3,6 1,5 3,4 2,6 1,4 2,2 4,3 6,2 4,1 3,3 5,2 6,4 4,5 6,6 5,4 4,6 2,5 1,3 2,1 4,2 6,1 5,3 6,5 4,4 5,6 3,5 1,6 2,4 1,2 3,1
224: 2,3 1,1 3,2 5,1 6,3 5,5 3,6 1,5 3,4 2,6 1,4 2,2 4,3 6,2 4,1 3,3 5,2 4,4 6,5 5,3 6,1 4,2 2,1 1,3 2,5 4,6 5,4 6,6 4,5 6,4 5,6 3,5 1,6 2,4 1,2 3,1
225: 2,3 1,1 3,2 5,1 6,3 5,5 3,6 1,5 3,4 2,6 1,4 2,2 4,3 6,2 4,1 3,3 5,2 4,4 2,5 1,3 2,1 4,2 6,1 5,3 6,5 4,6 5,4 6,6 4,5 6,4 5,6 3,5 1,6 2,4 1,2 3,1
226: 2,3 1,1 3,2 5,1 6,3 5,5 3,6 1,5 3,4 2,6 1,4 2,2 4,3 6,2 4,1 3,3 2,5 1,3 2,1 4,2 6,1 5,3 6,5 4,6 5,4 6,6 4,5 6,4 5,6 3,5 1,6 2,4 1,2 3,1 5,2 4,4
227: 2,3 1,1 3,2 5,1 6,3 5,5 3,6 1,5 3,4 2,6 1,4 2,2 4,3 6,2 4,1 3,3 2,5 1,3 2,1 4,2 6,1 5,3 6,5 4,6 5,4 6,6 4,5 6,4 5,6 4,4 5,2 3,1 1,2 2,4 1,6 3,5
228: 2,3 1,1 3,2 5,1 6,3 5,5 3,6 1,5 3,4 2,6 1,4 2,2 4,3 6,2 4,1 3,3 2,5 1,3 2,1 4,2 6,1 5,3 6,5 4,6 5,4 6,6 4,5 6,4 5,2 3,1 1,2 2,4 1,6 3,5 5,6 4,4
229: 2,3 1,1 3,2 5,1 6,3 5,5 3,6 1,5 3,4 2,6 1,4 2,2 4,3 6,2 4,1 3,3 2,5 1,3 2,1 4,2 6,1 5,3 6,5 4,6 5,4 6,6 4,5 6,4 5,2 4,4 5,6 3,5 1,6 2,4 1,2 3,1
230: 2,3 1,1 3,2 5,1 6,3 5,5 3,6 1,5 3,4 2,6 1,4 2,2 4,3 6,2 4,1 3,3 2,5 1,3 2,1 4,2 6,1 5,3 4,5 6,6 5,4 4,6 6,5 4,4 5,6 6,4 5,2 3,1 1,2 2,4 1,6 3,5
231: 2,3 1,1 3,2 5,1 6,3 5,5 3,6 1,5 3,4 2,6 1,4 2,2 4,3 6,2 4,1 3,3 2,5 1,3 2,1 4,2 6,1 5,3 4,5 6,6 5,4 4,6 6,5 4,4 5,2 6,4 5,6 3,5 1,6 2,4 1,2 3,1
232: 2,3 1,1 3,2 5,1 6,3 5,5 3,6 1,5 3,4 2,6 1,4 2,2 4,3 6,2 4,1 3,3 4,5 6,6 5,4 4,6 6,5 5,3 6,1 4,2 2,1 1,3 2,5 4,4 5,6 6,4 5,2 3,1 1,2 2,4 1,6 3,5
233: 2,3 1,1 3,2 5,1 6,3 5,5 3,6 1,5 3,4 2,6 1,4 2,2 4,3 6,2 4,1 3,3 4,5 6,6 5,4 4,6 6,5 5,3 6,1 4,2 2,1 1,3 2,5 4,4 5,2 6,4 5,6 3,5 1,6 2,4 1,2 3,1
234: 2,3 1,1 3,2 5,1 6,3 5,5 3,6 1,5 3,4 2,6 1,4 2,2 4,3 6,2 4,1 3,3 4,5 6,6 5,4 4,6 2,5 1,3 2,1 4,2 6,1 5,3 6,5 4,4 5,6 6,4 5,2 3,1 1,2 2,4 1,6 3,5
235: 2,3 1,1 3,2 5,1 6,3 5,5 3,6 1,5 3,4 2,6 1,4 2,2 4,3 6,2 4,1 3,3 4,5 6,6 5,4 4,6 2,5 1,3 2,1 4,2 6,1 5,3 6,5 4,4 5,2 6,4 5,6 3,5 1,6 2,4 1,2 3,1
236: 2,3 1,1 3,2 5,1 6,3 5,5 3,6 1,5 3,4 2,6 1,4 2,2 4,3 6,2 4,1 3,3 5,4 6,6 4,5 5,3 6,1 4,2 2,1 1,3 2,5 4,6 6,5 4,4 5,6 6,4 5,2 3,1 1,2 2,4 1,6 3,5
237: 2,3 1,1 3,2 5,1 6,3 5,5 3,6 1,5 3,4 2,6 1,4 2,2 4,3 6,2 4,1 3,3 5,4 6,6 4,5 5,3 6,1 4,2 2,1 1,3 2,5 4,6 6,5 4,4 5,2 6,4 5,6 3,5 1,6 2,4 1,2 3,1
238: 2,3 1,1 3,2 5,1 6,3 5,5 3,6 1,5 3,4 2,6 1,4 2,2 4,3 6,2 5,4 6,6 4,5 6,4 5,6 3,5 1,6 2,4 1,2 3,1 5,2 3,3 4,1 5,3 6,1 4,2 2,1 1,3 2,5 4,6 6,5 4,4
239: 2,3 1,1 3,2 5,1 6,3 5,5 3,6 1,5 3,4 2,6 1,4 2,2 4,3 6,2 5,4 6,6 4,5 6,4 5,6 3,5 1,6 2,4 1,2 3,1 5,2 4,4 6,5 4,6 2,5 1,3 2,1 3,3 4,1 5,3 6,1 4,2
240: 2,3 1,1 3,2 5,1 6,3 5,5 3,6 1,5 3,4 2,6 1,4 2,2 4,3 6,2 5,4 6,6 4,5 6,4 5,6 3,5 1,6 2,4 1,2 3,3 4,1 5,3 6,1 4,2 2,1 1,3 2,5 4,6 6,5 4,4 5,2 3,1
241: 2,3 1,1 3,2 5,1 6,3 5,5 3,6 1,5 3,4 2,6 1,4 2,2 4,3 6,2 5,4 6,6 4,5 6,4 5,6 4,4 6,5 4,6 2,5 1,3 2,1 4,2 6,1 5,3 4,1 3,3 5,2 3,1 1,2 2,4 1,6 3,5
242: 2,3 1,1 3,2 5,1 6,3 5,5 3,6 1,5 3,4 2,6 1,4 2,2 4,3 6,2 5,4 6,6 4,5 6,4 5,2 3,1 1,2 2,4 1,6 3,5 5,6 4,4 6,5 4,6 2,5 1,3 2,1 3,3 4,1 5,3 6,1 4,2
243: 2,3 1,1 3,2 5,1 6,3 5,5 3,6 1,5 3,4 2,6 1,4 2,2 4,3 6,2 5,4 6,6 4,5 6,4 5,2 3,3 4,1 5,3 6,1 4,2 2,1 1,3 2,5 4,6 6,5 4,4 5,6 3,5 1,6 2,4 1,2 3,1
244: 2,3 1,1 3,2 5,1 6,3 5,5 3,6 1,5 3,4 2,6 1,4 2,2 4,3 6,2 5,4 6,6 4,5 2,4 1,6 3,5 5,6 6,4 5,2 3,1 1,2 3,3 4,1 5,3 6,1 4,2 2,1 1,3 2,5 4,6 6,5 4,4
245: 2,3 1,1 3,2 5,1 6,3 5,5 3,6 1,5 3,4 2,6 1,4 2,2 4,3 6,2 5,4 6,6 4,5 2,4 1,6 3,5 5,6 6,4 5,2 4,4 6,5 4,6 2,5 1,3 2,1 4,2 6,1 5,3 4,1 3,3 1,2 3,1
246: 2,3 1,1 3,2 5,1 6,3 5,5 3,6 1,5 3,4 2,6 1,4 2,2 4,3 6,2 5,4 6,6 4,5 3,3 4,1 5,3 6,1 4,2 2,1 1,3 2,5 4,6 6,5 4,4 5,6 6,4 5,2 3,1 1,2 2,4 1,6 3,5
247: 2,3 1,1 3,2 5,1 6,3 5,5 3,6 1,5 3,4 2,6 1,4 2,2 4,3 6,2 5,4 6,6 4,5 3,3 4,1 5,3 6,1 4,2 2,1 1,3 2,5 4,6 6,5 4,4 5,2 6,4 5,6 3,5 1,6 2,4 1,2 3,1
248: 2,3 1,1 3,2 5,1 6,3 5,5 3,6 1,5 3,4 2,6 1,4 2,2 4,3 3,1 1,2 2,4 1,6 3,5 5,6 6,4 5,2 3,3 4,1 6,2 5,4 6,6 4,5 5,3 6,1 4,2 2,1 1,3 2,5 4,6 6,5 4,4
249: 2,3 1,1 3,2 5,1 6,3 5,5 3,6 1,5 3,4 2,6 1,4 2,2 4,3 3,1 1,2 2,4 1,6 3,5 5,6 6,4 5,2 3,3 4,5 6,6 5,4 6,2 4,1 5,3 6,1 4,2 2,1 1,3 2,5 4,6 6,5 4,4
250: 2,3 1,1 3,2 5,1 6,3 5,5 3,6 1,5 3,4 2,6 1,4 2,2 4,3 3,1 1,2 2,4 1,6 3,5 5,6 6,4 5,2 4,4 6,5 4,6 2,5 1,3 2,1 3,3 4,1 6,2 5,4 6,6 4,5 5,3 6,1 4,2
251: 2,3 1,1 3,2 5,1 6,3 5,5 3,6 1,5 3,4 2,6 1,4 2,2 4,3 3,1 1,2 2,4 1,6 3,5 5,6 6,4 5,2 4,4 6,5 4,6 2,5 1,3 2,1 3,3 4,5 6,6 5,4 6,2 4,1 5,3 6,1 4,2
252: 2,3 1,1 3,2 5,1 6,3 5,5 3,6 1,5 3,4 2,6 1,4 2,2 4,3 3,1 1,2 2,4 1,6 3,5 5,6 4,4 6,5 4,6 2,5 1,3 2,1 3,3 5,2 6,4 4,5 6,6 5,4 6,2 4,1 5,3 6,1 4,2
253: 2,3 1,1 3,2 5,1 6,3 5,5 3,6 1,5 3,4 2,6 1,4 2,2 4,3 3,1 1,2 2,4 1,6 3,5 5,6 4,4 5,2 6,4 4,5 6,6 5,4 6,2 4,1 3,3 2,1 1,3 2,5 4,6 6,5 5,3 6,1 4,2
254: 2,3 1,1 3,2 5,1 6,3 5,5 3,6 1,5 3,4 2,6 1,4 2,2 4,3 3,1 1,2 3,3 2,1 1,3 2,5 4,6 6,5 4,4 5,2 6,4 5,6 3,5 1,6 2,4 4,5 6,6 5,4 6,2 4,1 5,3 6,1 4,2
255: 2,3 1,1 3,2 5,1 6,3 5,5 3,6 1,5 3,4 2,6 1,4 2,2 4,3 3,1 1,2 3,3 5,2 6,4 5,6 3,5 1,6 2,4 4,5 6,6 5,4 6,2 4,1 5,3 6,1 4,2 2,1 1,3 2,5 4,6 6,5 4,4
256: 2,3 1,1 3,2 5,1 6,3 5,5 3,6 1,5 3,4 2,6 1,4 2,2 4,3 3,1 1,2 3,3 5,2 6,4 5,6 4,4 6,5 4,6 2,5 1,3 2,1 4,2 6,1 5,3 4,1 6,2 5,4 6,6 4,5 2,4 1,6 3,5
257: 2,3 1,1 3,2 5,1 6,3 5,5 3,6 1,5 3,4 2,6 1,4 2,2 4,3 3,1 5,2 6,4 5,6 3,5 1,6 2,4 1,2 3,3 4,1 6,2 5,4 6,6 4,5 5,3 6,1 4,2 2,1 1,3 2,5 4,6 6,5 4,4
258: 2,3 1,1 3,2 5,1 6,3 5,5 3,6 1,5 3,4 2,6 1,4 2,2 4,3 3,1 5,2 6,4 5,6 3,5 1,6 2,4 1,2 3,3 4,5 6,6 5,4 6,2 4,1 5,3 6,1 4,2 2,1 1,3 2,5 4,6 6,5 4,4
259: 2,3 1,1 3,2 5,1 6,3 5,5 3,6 1,5 3,4 2,6 1,4 2,2 4,3 3,1 5,2 6,4 5,6 4,4 6,5 4,6 2,5 1,3 2,1 4,2 6,1 5,3 4,1 6,2 5,4 6,6 4,5 3,3 1,2 2,4 1,6 3,5
260: 2,3 1,1 3,2 5,1 6,3 5,5 3,6 1,5 3,4 2,6 1,4 2,2 4,3 3,1 5,2 6,4 5,6 4,4 6,5 4,6 2,5 1,3 2,1 4,2 6,1 5,3 4,5 6,6 5,4 6,2 4,1 3,3 1,2 2,4 1,6 3,5
261: 2,3 1,1 3,2 5,1 6,3 5,5 3,6 1,5 3,4 2,6 1,4 2,2 4,3 3,1 5,2 3,3 1,2 2,4 1,6 3,5 5,6 6,4 4,5 6,6 5,4 6,2 4,1 5,3 6,1 4,2 2,1 1,3 2,5 4,6 6,5 4,4
262: 2,3 1,1 3,2 5,1 6,3 5,5 3,6 1,5 3,4 2,6 1,4 2,2 4,3 3,1 5,2 4,4 6,5 4,6 2,5 1,3 2,1 3,3 1,2 2,4 1,6 3,5 5,6 6,4 4,5 6,6 5,4 6,2 4,1 5,3 6,1 4,2
263: 2,3 1,1 3,2 5,1 6,3 5,5 3,6 1,5 3,4 2,6 1,4 2,2 4,3 6,4 5,6 3,5 1,6 2,4 1,2 3,1 5,2 3,3 4,1 6,2 5,4 6,6 4,5 5,3 6,1 4,2 2,1 1,3 2,5 4,6 6,5 4,4
264: 2,3 1,1 3,2 5,1 6,3 5,5 3,6 1,5 3,4 2,6 1,4 2,2 4,3 6,4 5,6 3,5 1,6 2,4 1,2 3,1 5,2 3,3 4,5 6,6 5,4 6,2 4,1 5,3 6,1 4,2 2,1 1,3 2,5 4,6 6,5 4,4
265: 2,3 1,1 3,2 5,1 6,3 5,5 3,6 1,5 3,4 2,6 1,4 2,2 4,3 6,4 5,6 3,5 1,6 2,4 1,2 3,1 5,2 4,4 6,5 4,6 2,5 1,3 2,1 3,3 4,1 6,2 5,4 6,6 4,5 5,3 6,1 4,2
266: 2,3 1,1 3,2 5,1 6,3 5,5 3,6 1,5 3,4 2,6 1,4 2,2 4,3 6,4 5,6 3,5 1,6 2,4 1,2 3,1 5,2 4,4 6,5 4,6 2,5 1,3 2,1 3,3 4,5 6,6 5,4 6,2 4,1 5,3 6,1 4,2
267: 2,3 1,1 3,2 5,1 6,3 5,5 3,6 1,5 3,4 2,6 1,4 2,2 4,3 6,4 5,6 3,5 1,6 2,4 1,2 3,3 4,1 6,2 5,4 6,6 4,5 5,3 6,1 4,2 2,1 1,3 2,5 4,6 6,5 4,4 5,2 3,1
268: 2,3 1,1 3,2 5,1 6,3 5,5 3,6 1,5 3,4 2,6 1,4 2,2 4,3 6,4 5,6 3,5 1,6 2,4 1,2 3,3 4,5 6,6 5,4 6,2 4,1 5,3 6,1 4,2 2,1 1,3 2,5 4,6 6,5 4,4 5,2 3,1
269: 2,3 1,1 3,2 5,1 6,3 5,5 3,6 1,5 3,4 2,6 1,4 2,2 4,3 6,4 5,6 3,5 1,6 2,4 4,5 6,6 5,4 6,2 4,1 5,3 6,1 4,2 2,1 1,3 2,5 4,6 6,5 4,4 5,2 3,3 1,2 3,1
270: 2,3 1,1 3,2 5,1 6,3 5,5 3,6 1,5 3,4 2,6 1,4 2,2 4,3 6,4 5,6 4,4 6,5 4,6 2,5 1,3 2,1 4,2 6,1 5,3 4,1 6,2 5,4 6,6 4,5 3,3 5,2 3,1 1,2 2,4 1,6 3,5
271: 2,3 1,1 3,2 5,1 6,3 5,5 3,6 1,5 3,4 2,6 1,4 2,2 4,3 6,4 5,6 4,4 6,5 4,6 2,5 1,3 2,1 4,2 6,1 5,3 4,5 6,6 5,4 6,2 4,1 3,3 5,2 3,1 1,2 2,4 1,6 3,5
272: 2,3 1,1 3,2 5,1 6,3 5,5 3,6 1,5 3,4 2,6 1,4 2,2 4,3 6,4 5,2 3,1 1,2 2,4 1,6 3,5 5,6 4,4 6,5 4,6 2,5 1,3 2,1 3,3 4,1 6,2 5,4 6,6 4,5 5,3 6,1 4,2
273: 2,3 1,1 3,2 5,1 6,3 5,5 3,6 1,5 3,4 2,6 1,4 2,2 4,3 6,4 5,2 3,1 1,2 2,4 1,6 3,5 5,6 4,4 6,5 4,6 2,5 1,3 2,1 3,3 4,5 6,6 5,4 6,2 4,1 5,3 6,1 4,2
274: 2,3 1,1 3,2 5,1 6,3 5,5 3,6 1,5 3,4 2,6 1,4 2,2 4,3 6,4 5,2 3,1 1,2 3,3 2,1 1,3 2,5 4,6 6,5 4,4 5,6 3,5 1,6 2,4 4,5 6,6 5,4 6,2 4,1 5,3 6,1 4,2
275: 2,3 1,1 3,2 5,1 6,3 5,5 3,6 1,5 3,4 2,6 1,4 2,2 4,3 6,4 5,2 3,3 4,1 6,2 5,4 6,6 4,5 5,3 6,1 4,2 2,1 1,3 2,5 4,6 6,5 4,4 5,6 3,5 1,6 2,4 1,2 3,1
276: 2,3 1,1 3,2 5,1 6,3 5,5 3,6 1,5 3,4 2,6 1,4 2,2 4,3 6,4 5,2 3,3 4,5 6,6 5,4 6,2 4,1 5,3 6,1 4,2 2,1 1,3 2,5 4,6 6,5 4,4 5,6 3,5 1,6 2,4 1,2 3,1
277: 2,3 1,1 3,2 5,1 6,3 5,5 3,6 1,5 3,4 2,6 1,4 2,2 4,3 6,4 4,5 6,6 5,4 6,2 4,1 5,3 6,1 4,2 2,1 1,3 2,5 4,6 6,5 4,4 5,6 3,5 1,6 2,4 1,2 3,3 5,2 3,1
278: 2,3 1,1 3,2 5,1 6,3 5,5 3,6 1,5 3,4 2,6 1,4 2,2 4,3 2,4 1,6 3,5 5,6 6,4 5,2 3,1 1,2 3,3 4,1 6,2 5,4 6,6 4,5 5,3 6,1 4,2 2,1 1,3 2,5 4,6 6,5 4,4
279: 2,3 1,1 3,2 5,1 6,3 5,5 3,6 1,5 3,4 2,6 1,4 2,2 4,3 2,4 1,6 3,5 5,6 6,4 5,2 3,1 1,2 3,3 4,5 6,6 5,4 6,2 4,1 5,3 6,1 4,2 2,1 1,3 2,5 4,6 6,5 4,4
280: 2,3 1,1 3,2 5,1 6,3 5,5 3,6 1,5 3,4 2,6 1,4 2,2 4,3 2,4 1,6 3,5 5,6 6,4 5,2 4,4 6,5 4,6 2,5 1,3 2,1 4,2 6,1 5,3 4,1 6,2 5,4 6,6 4,5 3,3 1,2 3,1
281: 2,3 1,1 3,2 5,1 6,3 5,5 3,6 1,5 3,4 2,6 1,4 2,2 4,3 2,4 1,6 3,5 5,6 6,4 5,2 4,4 6,5 4,6 2,5 1,3 2,1 4,2 6,1 5,3 4,5 6,6 5,4 6,2 4,1 3,3 1,2 3,1
282: 2,3 1,1 3,2 5,1 6,3 5,5 3,6 1,5 3,4 2,6 1,4 2,2 4,3 2,4 1,6 3,5 5,6 6,4 4,5 6,6 5,4 6,2 4,1 5,3 6,1 4,2 2,1 1,3 2,5 4,6 6,5 4,4 5,2 3,3 1,2 3,1
283: 2,3 1,1 3,2 5,1 6,3 5,5 3,6 1,5 3,4 2,6 1,4 2,2 4,3 2,4 1,6 3,5 5,6 4,4 6,5 4,6 2,5 1,3 2,1 4,2 6,1 5,3 4,1 6,2 5,4 6,6 4,5 6,4 5,2 3,3 1,2 3,1
284: 2,3 1,1 3,2 5,1 6,3 5,5 3,6 1,5 3,4 2,6 1,4 2,2 4,3 2,4 1,6 3,5 5,6 4,4 6,5 4,6 2,5 1,3 2,1 3,3 1,2 3,1 5,2 6,4 4,5 6,6 5,4 6,2 4,1 5,3 6,1 4,2
285: 2,3 1,1 3,2 5,1 6,3 5,5 3,6 1,5 3,4 2,6 1,4 2,2 4,3 3,5 1,6 2,4 1,2 3,1 5,2 6,4 5,6 4,4 6,5 4,6 2,5 1,3 2,1 3,3 4,1 6,2 5,4 6,6 4,5 5,3 6,1 4,2
286: 2,3 1,1 3,2 5,1 6,3 5,5 3,6 1,5 3,4 2,6 1,4 2,2 4,3 3,5 1,6 2,4 1,2 3,1 5,2 6,4 5,6 4,4 6,5 4,6 2,5 1,3 2,1 3,3 4,5 6,6 5,4 6,2 4,1 5,3 6,1 4,2
287: 2,3 1,1 3,2 5,1 6,3 5,5 3,6 1,5 3,4 2,6 1,4 2,2 4,3 3,5 1,6 2,4 1,2 3,1 5,2 3,3 2,1 1,3 2,5 4,6 6,5 4,4 5,6 6,4 4,5 6,6 5,4 6,2 4,1 5,3 6,1 4,2
288: 2,3 1,1 3,2 5,1 6,3 5,5 3,6 1,5 3,4 2,6 1,4 2,2 4,3 3,5 1,6 2,4 1,2 3,1 5,2 4,4 5,6 6,4 4,5 6,6 5,4 6,2 4,1 3,3 2,1 1,3 2,5 4,6 6,5 5,3 6,1 4,2
289: 2,3 1,1 3,2 5,1 6,3 5,5 3,6 1,5 3,4 2,6 1,4 2,2 4,3 3,5 1,6 2,4 1,2 3,3 4,1 6,2 5,4 6,6 4,5 5,3 6,1 4,2 2,1 1,3 2,5 4,6 6,5 4,4 5,6 6,4 5,2 3,1
290: 2,3 1,1 3,2 5,1 6,3 5,5 3,6 1,5 3,4 2,6 1,4 2,2 4,3 3,5 1,6 2,4 1,2 3,3 4,5 6,6 5,4 6,2 4,1 5,3 6,1 4,2 2,1 1,3 2,5 4,6 6,5 4,4 5,6 6,4 5,2 3,1
291: 2,3 1,1 3,2 5,1 6,3 5,5 3,6 1,5 3,4 2,6 1,4 2,2 4,3 3,5 1,6 2,4 4,5 6,6 5,4 6,2 4,1 5,3 6,1 4,2 2,1 1,3 2,5 4,6 6,5 4,4 5,6 6,4 5,2 3,3 1,2 3,1
292: 2,3 1,1 3,2 5,1 6,3 5,5 3,6 1,5 3,4 2,6 1,4 3,5 1,6 2,4 1,2 3,1 5,2 6,4 5,6 4,4 6,5 4,6 2,5 1,3 2,1 3,3 4,1 2,2 4,3 6,2 5,4 6,6 4,5 5,3 6,1 4,2
293: 2,3 1,1 3,2 5,1 6,3 5,5 3,6 1,5 3,4 2,6 1,4 3,5 1,6 2,4 1,2 3,1 5,2 6,4 5,6 4,4 6,5 4,6 2,5 1,3 2,1 3,3 4,5 6,6 5,4 6,2 4,3 2,2 4,1 5,3 6,1 4,2
294: 2,3 1,1 3,2 5,1 6,3 5,5 3,6 1,5 3,4 2,6 1,4 3,5 1,6 2,4 1,2 3,1 5,2 3,3 2,1 1,3 2,5 4,6 6,5 4,4 5,6 6,4 4,5 6,6 5,4 6,2 4,3 2,2 4,1 5,3 6,1 4,2
295: 2,3 1,1 3,2 5,1 6,3 5,5 3,6 1,5 3,4 2,6 1,4 3,5 1,6 2,4 1,2 3,1 5,2 3,3 2,1 1,3 2,5 4,6 6,5 4,4 5,6 6,4 4,3 2,2 4,1 6,2 5,4 6,6 4,5 5,3 6,1 4,2
296: 2,3 1,1 3,2 5,1 6,3 5,5 3,6 1,5 3,4 2,6 1,4 3,5 1,6 2,4 1,2 3,1 5,2 4,4 5,6 6,4 4,5 6,6 5,4 6,2 4,3 2,2 4,1 3,3 2,1 1,3 2,5 4,6 6,5 5,3 6,1 4,2
297: 2,3 1,1 3,2 5,1 6,3 5,5 3,6 1,5 3,4 2,6 1,4 3,5 1,6 2,4 1,2 3,1 5,2 4,4 5,6 6,4 4,3 2,2 4,1 6,2 5,4 6,6 4,5 3,3 2,1 1,3 2,5 4,6 6,5 5,3 6,1 4,2
298: 2,3 1,1 3,2 5,1 6,3 5,5 3,6 1,5 3,4 2,6 1,4 3,5 1,6 2,4 1,2 3,1 4,3 2,2 4,1 6,2 5,4 6,6 4,5 6,4 5,6 4,4 5,2 3,3 2,1 1,3 2,5 4,6 6,5 5,3 6,1 4,2
299: 2,3 1,1 3,2 5,1 6,3 5,5 3,6 1,5 3,4 2,6 1,4 3,5 1,6 2,4 1,2 3,3 2,1 1,3 2,5 4,6 6,5 4,4 5,6 6,4 5,2 3,1 4,3 2,2 4,1 6,2 5,4 6,6 4,5 5,3 6,1 4,2
300: 2,3 1,1 3,2 5,1 6,3 5,5 3,6 1,5 3,4 2,6 1,4 3,5 1,6 2,4 1,2 3,3 5,2 6,4 5,6 4,4 6,5 4,6 2,5 1,3 2,1 4,2 6,1 5,3 4,5 6,6 5,4 6,2 4,1 2,2 4,3 3,1
301: 2,3 1,1 3,2 5,1 6,3 5,5 3,6 1,5 3,4 2,6 1,4 3,5 1,6 2,4 1,2 3,3 4,1 2,2 4,3 6,2 5,4 6,6 4,5 5,3 6,1 4,2 2,1 1,3 2,5 4,6 6,5 4,4 5,6 6,4 5,2 3,1
302: 2,3 1,1 3,2 5,1 6,3 5,5 3,6 1,5 3,4 2,6 1,4 3,5 1,6 2,4 1,2 3,3 4,5 6,6 5,4 6,2 4,3 2,2 4,1 5,3 6,1 4,2 2,1 1,3 2,5 4,6 6,5 4,4 5,6 6,4 5,2 3,1
303: 2,3 1,1 3,2 5,1 6,3 5,5 3,6 1,5 3,4 2,6 1,4 3,5 1,6 2,4 4,5 6,6 5,4 6,2 4,1 2,2 4,3 6,4 5,6 4,4 5,2 3,1 1,2 3,3 2,1 1,3 2,5 4,6 6,5 5,3 6,1 4,2
304: 2,3 1,1 3,2 5,1 6,3 5,5 3,6 1,5 3,4 2,6 1,4 3,5 1,6 2,4 4,5 6,6 5,4 6,2 4,3 2,2 4,1 5,3 6,1 4,2 2,1 1,3 2,5 4,6 6,5 4,4 5,6 6,4 5,2 3,3 1,2 3,1
305: 2,3 1,1 3,2 5,1 6,3 5,5 3,6 1,5 3,4 2,6 1,4 3,5 1,6 2,4 4,3 2,2 4,1 6,2 5,4 6,6 4,5 6,4 5,6 4,4 5,2 3,1 1,2 3,3 2,1 1,3 2,5 4,6 6,5 5,3 6,1 4,2
306: 2,3 1,1 3,2 5,1 6,3 5,5 3,6 1,5 3,4 2,6 1,4 3,5 1,6 2,4 4,3 2,2 4,1 6,2 5,4 6,6 4,5 5,3 6,1 4,2 2,1 1,3 2,5 4,6 6,5 4,4 5,6 6,4 5,2 3,3 1,2 3,1
